19980101
20091231
0.0000E+00
0.0000E+00
0.0000E+00
0.0000E+00
0.0000E+00
0.0000E+00
0.0000E+00
0.0000E+00
0.0000E+00
0.0000E+00
0.0000E+00
0.0000E+00
0.0000E+00
0.0000E+00
0.0000E+00
0.0000E+00
0.0000E+00
0.0000E+00
0.0000E+00
0.0000E+00
0.0000E+00
0.0000E+00
0.0000E+00
0.0000E+00
0.0000E+00
0.0000E+00
0.0000E+00
0.0000E+00
0.0000E+00
0.0000E+00
0.0000E+00
0.0000E+00
0.0000E+00
0.0000E+00
0.0000E+00
0.0000E+00
0.0000E+00
0.0000E+00
0.0000E+00
0.0000E+00
0.0000E+00
0.0000E+00
0.0000E+00
0.0000E+00
0.0000E+00
0.0000E+00
0.0000E+00
0.0000E+00
0.0000E+00
0.0000E+00
0.0000E+00
0.0000E+00
0.0000E+00
0.0000E+00
0.0000E+00
0.0000E+00
0.0000E+00
0.0000E+00
0.0000E+00
0.0000E+00
0.0000E+00
0.0000E+00
0.0000E+00
0.0000E+00
0.0000E+00
0.0000E+00
0.0000E+00
0.0000E+00
0.0000E+00
0.0000E+00
0.0000E+00
0.0000E+00
0.0000E+00
0.0000E+00
0.0000E+00
0.0000E+00
0.0000E+00
0.0000E+00
0.0000E+00
0.0000E+00
0.0000E+00
0.0000E+00
0.0000E+00
0.0000E+00
0.0000E+00
0.0000E+00
0.0000E+00
0.0000E+00
0.0000E+00
0.0000E+00
0.0000E+00
0.0000E+00
5.0000E-04
2.3000E-03
4.2000E-03
7.9000E-03
1.2900E-02
1.8500E-02
2.4800E-02
3.2300E-02
3.9900E-02
4.9300E-02
5.8600E-02
6.9400E-02
8.1400E-02
9.4500E-02
1.0780E-01
1.2270E-01
1.3750E-01
1.5390E-01
1.7060E-01
1.8820E-01
2.0710E-01
2.2740E-01
2.4750E-01
2.6770E-01
2.8770E-01
3.0760E-01
5.6806E-01
5.8626E-01
6.0430E-01
6.2216E-01
6.3984E-01
6.5732E-01
6.7462E-01
6.9172E-01
7.0862E-01
7.2531E-01
7.4179E-01
7.5805E-01
7.7409E-01
7.8990E-01
8.0548E-01
8.2082E-01
8.3593E-01
8.5079E-01
8.6540E-01
8.7976E-01
8.9386E-01
9.0770E-01
9.2127E-01
9.3458E-01
9.4761E-01
9.6036E-01
9.7283E-01
9.8502E-01
9.9692E-01
1.0085E+00
1.0198E+00
1.0309E+00
1.0416E+00
1.0520E+00
1.0621E+00
1.0719E+00
1.0813E+00
1.0905E+00
1.0993E+00
1.1079E+00
1.1161E+00
1.1239E+00
1.1315E+00
1.1387E+00
1.1455E+00
1.1521E+00
1.1583E+00
1.1641E+00
1.1697E+00
1.1748E+00
1.1797E+00
1.1842E+00
1.1883E+00
1.1921E+00
1.1956E+00
1.1987E+00
1.2014E+00
1.2038E+00
1.2058E+00
1.2075E+00
1.2089E+00
1.2099E+00
1.2105E+00
1.2108E+00
1.2107E+00
1.2103E+00
1.2095E+00
1.2083E+00
1.2068E+00
1.2050E+00
1.2028E+00
1.2002E+00
1.1973E+00
1.1941E+00
1.1905E+00
1.1865E+00
1.1822E+00
1.1776E+00
1.1726E+00
1.1673E+00
1.1616E+00
1.1556E+00
1.1492E+00
1.1425E+00
1.1355E+00
1.1281E+00
1.1205E+00
1.1124E+00
1.1041E+00
1.0954E+00
1.0865E+00
1.0772E+00
1.0675E+00
1.0576E+00
1.0474E+00
1.0368E+00
1.0260E+00
1.0148E+00
1.0034E+00
9.9166E-01
9.7963E-01
9.6732E-01
9.5472E-01
9.4184E-01
9.2869E-01
9.1526E-01
9.0157E-01
8.8762E-01
8.7340E-01
8.5893E-01
8.4420E-01
8.2923E-01
8.1402E-01
7.9857E-01
7.8289E-01
7.6697E-01
7.5083E-01
7.3448E-01
7.1790E-01
7.0112E-01
6.8413E-01
6.6695E-01
6.4956E-01
6.3199E-01
6.1423E-01
5.9629E-01
5.7818E-01
5.5990E-01
5.4145E-01
5.2285E-01
5.0409E-01
4.8519E-01
4.6614E-01
4.4696E-01
4.2764E-01
4.0821E-01
3.8865E-01
3.6898E-01
3.4920E-01
3.2931E-01
3.0933E-01
2.8927E-01
2.6911E-01
2.4888E-01
2.2857E-01
2.0820E-01
1.8777E-01
1.6728E-01
1.4674E-01
1.2616E-01
1.0555E-01
8.4900E-02
6.4227E-02
4.3536E-02
2.2832E-02
2.1210E-03
0.0000E+00
0.0000E+00
0.0000E+00
0.0000E+00
0.0000E+00
0.0000E+00
0.0000E+00
0.0000E+00
0.0000E+00
0.0000E+00
0.0000E+00
0.0000E+00
0.0000E+00
0.0000E+00
0.0000E+00
0.0000E+00
0.0000E+00
0.0000E+00
0.0000E+00
0.0000E+00
0.0000E+00
0.0000E+00
0.0000E+00
0.0000E+00
0.0000E+00
0.0000E+00
0.0000E+00
0.0000E+00
0.0000E+00
0.0000E+00
0.0000E+00
0.0000E+00
0.0000E+00
0.0000E+00
0.0000E+00
0.0000E+00
0.0000E+00
0.0000E+00
0.0000E+00
0.0000E+00
0.0000E+00
0.0000E+00
0.0000E+00
0.0000E+00
0.0000E+00
0.0000E+00
0.0000E+00
0.0000E+00
0.0000E+00
0.0000E+00
0.0000E+00
0.0000E+00
0.0000E+00
0.0000E+00
0.0000E+00
0.0000E+00
0.0000E+00
0.0000E+00
0.0000E+00
0.0000E+00
0.0000E+00
0.0000E+00
0.0000E+00
0.0000E+00
0.0000E+00
0.0000E+00
0.0000E+00
0.0000E+00
0.0000E+00
0.0000E+00
0.0000E+00
0.0000E+00
0.0000E+00
0.0000E+00
0.0000E+00
0.0000E+00
0.0000E+00
0.0000E+00
0.0000E+00
0.0000E+00
0.0000E+00
0.0000E+00
0.0000E+00
0.0000E+00
0.0000E+00
0.0000E+00
0.0000E+00
0.0000E+00
0.0000E+00
0.0000E+00
0.0000E+00
0.0000E+00
0.0000E+00
0.0000E+00
0.0000E+00
0.0000E+00
0.0000E+00
0.0000E+00
0.0000E+00
0.0000E+00
0.0000E+00
0.0000E+00
0.0000E+00
0.0000E+00
0.0000E+00
0.0000E+00
0.0000E+00
0.0000E+00
0.0000E+00
0.0000E+00
0.0000E+00
0.0000E+00
0.0000E+00
0.0000E+00
0.0000E+00
0.0000E+00
0.0000E+00
0.0000E+00
0.0000E+00
0.0000E+00
0.0000E+00
0.0000E+00
0.0000E+00
0.0000E+00
0.0000E+00
0.0000E+00
0.0000E+00
0.0000E+00
0.0000E+00
0.0000E+00
0.0000E+00
0.0000E+00
0.0000E+00
0.0000E+00
0.0000E+00
0.0000E+00
0.0000E+00
0.0000E+00
0.0000E+00
0.0000E+00
0.0000E+00
0.0000E+00
0.0000E+00
0.0000E+00
0.0000E+00
0.0000E+00
0.0000E+00
0.0000E+00
0.0000E+00
0.0000E+00
0.0000E+00
0.0000E+00
0.0000E+00
0.0000E+00
0.0000E+00
0.0000E+00
0.0000E+00
0.0000E+00
0.0000E+00
0.0000E+00
0.0000E+00
0.0000E+00
0.0000E+00
0.0000E+00
0.0000E+00
0.0000E+00
0.0000E+00
0.0000E+00
0.0000E+00
0.0000E+00
0.0000E+00
0.0000E+00
0.0000E+00
0.0000E+00
0.0000E+00
0.0000E+00
0.0000E+00
0.0000E+00
0.0000E+00
0.0000E+00
0.0000E+00
0.0000E+00
0.0000E+00
5.1281E-03
2.5838E-02
4.6541E-02
6.7230E-02
8.7899E-02
1.0854E-01
1.2915E-01
1.4973E-01
1.7026E-01
1.9074E-01
2.1116E-01
2.3153E-01
2.5182E-01
2.7204E-01
2.9218E-01
3.1224E-01
3.3221E-01
3.5207E-01
3.7184E-01
3.9149E-01
4.1104E-01
4.3046E-01
4.4975E-01
4.6891E-01
4.8794E-01
5.0682E-01
5.2556E-01
5.4414E-01
5.6256E-01
5.8082E-01
5.9891E-01
6.1682E-01
6.3455E-01
6.5210E-01
6.6945E-01
6.8661E-01
7.0357E-01
7.2032E-01
7.3687E-01
7.5319E-01
7.6930E-01
7.8518E-01
8.0083E-01
8.1625E-01
8.3142E-01
8.4636E-01
8.6104E-01
8.7548E-01
8.8966E-01
9.0358E-01
9.1723E-01
9.3062E-01
9.4373E-01
9.5657E-01
9.6912E-01
9.8140E-01
9.9338E-01
1.0051E+00
1.0165E+00
1.0276E+00
1.0384E+00
1.0489E+00
1.0591E+00
1.0690E+00
1.0785E+00
1.0878E+00
1.0967E+00
1.1053E+00
1.1136E+00
1.1216E+00
1.1292E+00
1.1365E+00
1.1435E+00
1.1502E+00
1.1565E+00
1.1624E+00
1.1680E+00
1.1733E+00
1.1783E+00
1.1829E+00
1.1871E+00
1.1910E+00
1.1946E+00
1.1978E+00
1.2006E+00
1.2031E+00
1.2053E+00
1.2071E+00
1.2085E+00
1.2096E+00
1.2103E+00
1.2107E+00
1.2107E+00
1.2104E+00
1.2097E+00
1.2087E+00
1.2073E+00
1.2056E+00
1.2035E+00
1.2010E+00
1.1982E+00
1.1951E+00
1.1916E+00
1.1877E+00
1.1835E+00
1.1790E+00
1.1741E+00
1.1689E+00
1.1633E+00
1.1574E+00
1.1512E+00
1.1446E+00
1.1376E+00
1.1304E+00
1.1228E+00
1.1149E+00
1.1066E+00
1.0981E+00
1.0892E+00
1.0800E+00
1.0705E+00
1.0606E+00
1.0505E+00
1.0400E+00
1.0293E+00
1.0182E+00
1.0069E+00
9.9521E-01
9.8327E-01
9.7104E-01
9.5853E-01
9.4573E-01
9.3266E-01
9.1932E-01
9.0571E-01
8.9183E-01
8.7769E-01
8.6330E-01
8.4865E-01
8.3375E-01
8.1861E-01
8.0323E-01
7.8762E-01
7.7177E-01
7.5570E-01
7.3941E-01
7.2290E-01
7.0618E-01
6.8925E-01
6.7212E-01
6.5480E-01
6.3728E-01
6.1958E-01
6.0169E-01
5.8363E-01
5.6540E-01
5.4700E-01
5.2845E-01
5.0973E-01
4.9087E-01
4.7187E-01
4.5273E-01
4.3345E-01
4.1405E-01
3.9453E-01
3.7489E-01
3.5514E-01
3.3529E-01
3.1534E-01
2.9530E-01
2.7517E-01
2.5496E-01
2.3467E-01
2.1432E-01
1.9391E-01
1.7343E-01
1.5291E-01
1.3234E-01
1.1174E-01
9.1097E-02
7.0431E-02
4.9745E-02
2.9044E-02
8.3347E-03
0.0000E+00
0.0000E+00
0.0000E+00
0.0000E+00
0.0000E+00
0.0000E+00
0.0000E+00
0.0000E+00
0.0000E+00
0.0000E+00
0.0000E+00
0.0000E+00
0.0000E+00
0.0000E+00
0.0000E+00
0.0000E+00
0.0000E+00
0.0000E+00
0.0000E+00
0.0000E+00
0.0000E+00
0.0000E+00
0.0000E+00
0.0000E+00
0.0000E+00
0.0000E+00
0.0000E+00
0.0000E+00
0.0000E+00
0.0000E+00
0.0000E+00
0.0000E+00
0.0000E+00
0.0000E+00
0.0000E+00
0.0000E+00
0.0000E+00
0.0000E+00
0.0000E+00
0.0000E+00
0.0000E+00
0.0000E+00
0.0000E+00
0.0000E+00
0.0000E+00
0.0000E+00
0.0000E+00
0.0000E+00
0.0000E+00
0.0000E+00
0.0000E+00
0.0000E+00
0.0000E+00
0.0000E+00
0.0000E+00
0.0000E+00
0.0000E+00
0.0000E+00
0.0000E+00
0.0000E+00
0.0000E+00
0.0000E+00
0.0000E+00
0.0000E+00
0.0000E+00
0.0000E+00
0.0000E+00
0.0000E+00
0.0000E+00
0.0000E+00
0.0000E+00
0.0000E+00
0.0000E+00
0.0000E+00
0.0000E+00
0.0000E+00
0.0000E+00
0.0000E+00
0.0000E+00
0.0000E+00
0.0000E+00
0.0000E+00
0.0000E+00
0.0000E+00
0.0000E+00
0.0000E+00
0.0000E+00
0.0000E+00
0.0000E+00
0.0000E+00
0.0000E+00
0.0000E+00
0.0000E+00
0.0000E+00
0.0000E+00
0.0000E+00
0.0000E+00
0.0000E+00
0.0000E+00
0.0000E+00
0.0000E+00
0.0000E+00
0.0000E+00
0.0000E+00
0.0000E+00
0.0000E+00
0.0000E+00
0.0000E+00
0.0000E+00
0.0000E+00
0.0000E+00
0.0000E+00
0.0000E+00
0.0000E+00
0.0000E+00
0.0000E+00
0.0000E+00
0.0000E+00
0.0000E+00
0.0000E+00
0.0000E+00
0.0000E+00
0.0000E+00
0.0000E+00
0.0000E+00
0.0000E+00
0.0000E+00
0.0000E+00
0.0000E+00
0.0000E+00
0.0000E+00
0.0000E+00
0.0000E+00
0.0000E+00
0.0000E+00
0.0000E+00
0.0000E+00
0.0000E+00
0.0000E+00
0.0000E+00
0.0000E+00
0.0000E+00
0.0000E+00
0.0000E+00
0.0000E+00
0.0000E+00
0.0000E+00
0.0000E+00
0.0000E+00
0.0000E+00
0.0000E+00
0.0000E+00
0.0000E+00
0.0000E+00
0.0000E+00
0.0000E+00
0.0000E+00
0.0000E+00
0.0000E+00
0.0000E+00
0.0000E+00
0.0000E+00
0.0000E+00
0.0000E+00
0.0000E+00
0.0000E+00
0.0000E+00
0.0000E+00
0.0000E+00
0.0000E+00
0.0000E+00
0.0000E+00
0.0000E+00
0.0000E+00
0.0000E+00
0.0000E+00
0.0000E+00
0.0000E+00
0.0000E+00
0.0000E+00
0.0000E+00
0.0000E+00
0.0000E+00
0.0000E+00
1.9626E-02
4.0331E-02
6.1025E-02
8.1701E-02
1.0235E-01
1.2297E-01
1.4356E-01
1.6410E-01
1.8460E-01
2.0504E-01
2.2542E-01
2.4574E-01
2.6598E-01
2.8615E-01
3.0623E-01
3.2623E-01
3.4612E-01
3.6592E-01
3.8561E-01
4.0519E-01
4.2464E-01
4.4398E-01
4.6318E-01
4.8225E-01
5.0117E-01
5.1995E-01
5.3858E-01
5.5705E-01
5.7536E-01
5.9350E-01
6.1146E-01
6.2925E-01
6.4685E-01
6.6427E-01
6.8149E-01
6.9850E-01
7.1532E-01
7.3193E-01
7.4832E-01
7.6449E-01
7.8044E-01
7.9616E-01
8.1165E-01
8.2690E-01
8.4190E-01
8.5666E-01
8.7118E-01
8.8543E-01
8.9943E-01
9.1316E-01
9.2663E-01
9.3982E-01
9.5274E-01
9.6538E-01
9.7774E-01
9.8982E-01
1.0016E+00
1.0131E+00
1.0243E+00
1.0352E+00
1.0458E+00
1.0561E+00
1.0660E+00
1.0757E+00
1.0850E+00
1.0941E+00
1.1028E+00
1.1112E+00
1.1192E+00
1.1270E+00
1.1344E+00
1.1415E+00
1.1482E+00
1.1546E+00
1.1607E+00
1.1664E+00
1.1718E+00
1.1768E+00
1.1815E+00
1.1859E+00
1.1899E+00
1.1935E+00
1.1968E+00
1.1998E+00
1.2024E+00
1.2047E+00
1.2066E+00
1.2081E+00
1.2093E+00
1.2102E+00
1.2106E+00
1.2108E+00
1.2106E+00
1.2100E+00
1.2091E+00
1.2078E+00
1.2061E+00
1.2041E+00
1.2018E+00
1.1991E+00
1.1961E+00
1.1927E+00
1.1889E+00
1.1848E+00
1.1804E+00
1.1756E+00
1.1705E+00
1.1650E+00
1.1592E+00
1.1531E+00
1.1466E+00
1.1398E+00
1.1326E+00
1.1251E+00
1.1173E+00
1.1091E+00
1.1007E+00
1.0919E+00
1.0828E+00
1.0734E+00
1.0636E+00
1.0536E+00
1.0432E+00
1.0325E+00
1.0216E+00
1.0103E+00
9.9874E-01
9.8688E-01
9.7474E-01
9.6231E-01
9.4960E-01
9.3661E-01
9.2335E-01
9.0982E-01
8.9602E-01
8.8196E-01
8.6764E-01
8.5307E-01
8.3825E-01
8.2318E-01
8.0787E-01
7.9233E-01
7.7655E-01
7.6054E-01
7.4432E-01
7.2787E-01
7.1122E-01
6.9435E-01
6.7728E-01
6.6002E-01
6.4256E-01
6.2491E-01
6.0708E-01
5.8907E-01
5.7089E-01
5.5254E-01
5.3403E-01
5.1536E-01
4.9655E-01
4.7759E-01
4.5848E-01
4.3925E-01
4.1988E-01
4.0040E-01
3.8079E-01
3.6108E-01
3.4125E-01
3.2133E-01
3.0132E-01
2.8121E-01
2.6103E-01
2.4077E-01
2.2043E-01
2.0004E-01
1.7958E-01
1.5907E-01
1.3852E-01
1.1792E-01
9.7292E-02
7.6634E-02
5.5953E-02
3.5256E-02
1.4548E-02
0.0000E+00
0.0000E+00
0.0000E+00
0.0000E+00
0.0000E+00
0.0000E+00
0.0000E+00
0.0000E+00
0.0000E+00
0.0000E+00
0.0000E+00
0.0000E+00
0.0000E+00
0.0000E+00
0.0000E+00
0.0000E+00
0.0000E+00
0.0000E+00
0.0000E+00
0.0000E+00
0.0000E+00
0.0000E+00
0.0000E+00
0.0000E+00
0.0000E+00
0.0000E+00
0.0000E+00
0.0000E+00
0.0000E+00
0.0000E+00
0.0000E+00
0.0000E+00
0.0000E+00
0.0000E+00
0.0000E+00
0.0000E+00
0.0000E+00
0.0000E+00
0.0000E+00
0.0000E+00
0.0000E+00
0.0000E+00
0.0000E+00
0.0000E+00
0.0000E+00
0.0000E+00
0.0000E+00
0.0000E+00
0.0000E+00
0.0000E+00
0.0000E+00
0.0000E+00
0.0000E+00
0.0000E+00
0.0000E+00
0.0000E+00
0.0000E+00
0.0000E+00
0.0000E+00
0.0000E+00
0.0000E+00
0.0000E+00
0.0000E+00
0.0000E+00
0.0000E+00
0.0000E+00
0.0000E+00
0.0000E+00
0.0000E+00
0.0000E+00
0.0000E+00
0.0000E+00
0.0000E+00
0.0000E+00
0.0000E+00
0.0000E+00
0.0000E+00
0.0000E+00
0.0000E+00
0.0000E+00
0.0000E+00
0.0000E+00
0.0000E+00
0.0000E+00
0.0000E+00
0.0000E+00
0.0000E+00
0.0000E+00
0.0000E+00
0.0000E+00
0.0000E+00
0.0000E+00
0.0000E+00
0.0000E+00
0.0000E+00
0.0000E+00
0.0000E+00
0.0000E+00
0.0000E+00
0.0000E+00
0.0000E+00
0.0000E+00
0.0000E+00
0.0000E+00
0.0000E+00
0.0000E+00
0.0000E+00
0.0000E+00
0.0000E+00
0.0000E+00
0.0000E+00
0.0000E+00
0.0000E+00
0.0000E+00
0.0000E+00
0.0000E+00
0.0000E+00
0.0000E+00
0.0000E+00
0.0000E+00
0.0000E+00
0.0000E+00
0.0000E+00
0.0000E+00
0.0000E+00
0.0000E+00
0.0000E+00
0.0000E+00
0.0000E+00
0.0000E+00
0.0000E+00
0.0000E+00
0.0000E+00
0.0000E+00
0.0000E+00
0.0000E+00
0.0000E+00
0.0000E+00
0.0000E+00
0.0000E+00
0.0000E+00
0.0000E+00
0.0000E+00
0.0000E+00
0.0000E+00
0.0000E+00
0.0000E+00
0.0000E+00
0.0000E+00
0.0000E+00
0.0000E+00
0.0000E+00
0.0000E+00
0.0000E+00
0.0000E+00
0.0000E+00
0.0000E+00
0.0000E+00
0.0000E+00
0.0000E+00
0.0000E+00
0.0000E+00
0.0000E+00
0.0000E+00
0.0000E+00
0.0000E+00
0.0000E+00
0.0000E+00
0.0000E+00
0.0000E+00
0.0000E+00
0.0000E+00
0.0000E+00
0.0000E+00
0.0000E+00
0.0000E+00
0.0000E+00
0.0000E+00
0.0000E+00
0.0000E+00
0.0000E+00
0.0000E+00
0.0000E+00
0.0000E+00
1.3412E-02
3.4120E-02
5.4818E-02
7.5500E-02
9.6160E-02
1.1679E-01
1.3739E-01
1.5795E-01
1.7846E-01
1.9892E-01
2.1932E-01
2.3965E-01
2.5992E-01
2.8011E-01
3.0022E-01
3.2024E-01
3.4016E-01
3.5999E-01
3.7971E-01
3.9932E-01
4.1882E-01
4.3819E-01
4.5743E-01
4.7654E-01
4.9551E-01
5.1434E-01
5.3301E-01
5.5153E-01
5.6989E-01
5.8808E-01
6.0609E-01
6.2393E-01
6.4159E-01
6.5906E-01
6.7634E-01
6.9342E-01
7.1030E-01
7.2697E-01
7.4342E-01
7.5966E-01
7.7568E-01
7.9147E-01
8.0702E-01
8.2235E-01
8.3743E-01
8.5226E-01
8.6685E-01
8.8118E-01
8.9526E-01
9.0907E-01
9.2262E-01
9.3589E-01
9.4890E-01
9.6162E-01
9.7407E-01
9.8622E-01
9.9810E-01
1.0097E+00
1.0210E+00
1.0319E+00
1.0426E+00
1.0530E+00
1.0631E+00
1.0728E+00
1.0823E+00
1.0914E+00
1.1002E+00
1.1087E+00
1.1169E+00
1.1247E+00
1.1322E+00
1.1394E+00
1.1462E+00
1.1527E+00
1.1589E+00
1.1647E+00
1.1702E+00
1.1753E+00
1.1801E+00
1.1846E+00
1.1887E+00
1.1925E+00
1.1959E+00
1.1990E+00
1.2017E+00
1.2040E+00
1.2060E+00
1.2077E+00
1.2090E+00
1.2099E+00
1.2105E+00
1.2108E+00
1.2107E+00
1.2102E+00
1.2094E+00
1.2082E+00
1.2067E+00
1.2048E+00
1.2025E+00
1.2000E+00
1.1970E+00
1.1937E+00
1.1901E+00
1.1861E+00
1.1818E+00
1.1771E+00
1.1721E+00
1.1667E+00
1.1610E+00
1.1549E+00
1.1486E+00
1.1418E+00
1.1348E+00
1.1274E+00
1.1197E+00
1.1116E+00
1.1033E+00
1.0946E+00
1.0855E+00
1.0762E+00
1.0666E+00
1.0566E+00
1.0463E+00
1.0358E+00
1.0249E+00
1.0137E+00
1.0022E+00
9.9047E-01
9.7841E-01
9.6607E-01
9.5344E-01
9.4054E-01
9.2736E-01
9.1391E-01
9.0019E-01
8.8621E-01
8.7196E-01
8.5747E-01
8.4272E-01
8.2772E-01
8.1249E-01
7.9701E-01
7.8131E-01
7.6537E-01
7.4921E-01
7.3283E-01
7.1624E-01
6.9943E-01
6.8242E-01
6.6522E-01
6.4781E-01
6.3022E-01
6.1245E-01
5.9449E-01
5.7636E-01
5.5806E-01
5.3960E-01
5.2098E-01
5.0221E-01
4.8329E-01
4.6423E-01
4.4503E-01
4.2571E-01
4.0626E-01
3.8669E-01
3.6700E-01
3.4721E-01
3.2732E-01
3.0733E-01
2.8725E-01
2.6709E-01
2.4685E-01
2.2654E-01
2.0616E-01
1.8572E-01
1.6523E-01
1.4469E-01
1.2410E-01
1.0348E-01
8.2834E-02
6.2159E-02
4.1466E-02
2.0761E-02
5.0228E-05
0.0000E+00
0.0000E+00
0.0000E+00
0.0000E+00
0.0000E+00
0.0000E+00
0.0000E+00
0.0000E+00
0.0000E+00
0.0000E+00
0.0000E+00
0.0000E+00
0.0000E+00
0.0000E+00
0.0000E+00
0.0000E+00
0.0000E+00
0.0000E+00
0.0000E+00
0.0000E+00
0.0000E+00
0.0000E+00
0.0000E+00
0.0000E+00
0.0000E+00
0.0000E+00
0.0000E+00
0.0000E+00
0.0000E+00
0.0000E+00
0.0000E+00
0.0000E+00
0.0000E+00
0.0000E+00
0.0000E+00
0.0000E+00
0.0000E+00
0.0000E+00
0.0000E+00
0.0000E+00
0.0000E+00
0.0000E+00
0.0000E+00
0.0000E+00
0.0000E+00
0.0000E+00
0.0000E+00
0.0000E+00
0.0000E+00
0.0000E+00
0.0000E+00
0.0000E+00
0.0000E+00
0.0000E+00
0.0000E+00
0.0000E+00
0.0000E+00
0.0000E+00
0.0000E+00
0.0000E+00
0.0000E+00
0.0000E+00
0.0000E+00
0.0000E+00
0.0000E+00
0.0000E+00
0.0000E+00
0.0000E+00
0.0000E+00
0.0000E+00
0.0000E+00
0.0000E+00
0.0000E+00
0.0000E+00
0.0000E+00
0.0000E+00
0.0000E+00
0.0000E+00
0.0000E+00
0.0000E+00
0.0000E+00
0.0000E+00
0.0000E+00
0.0000E+00
0.0000E+00
0.0000E+00
0.0000E+00
0.0000E+00
0.0000E+00
0.0000E+00
0.0000E+00
0.0000E+00
0.0000E+00
0.0000E+00
0.0000E+00
0.0000E+00
0.0000E+00
0.0000E+00
0.0000E+00
0.0000E+00
0.0000E+00
0.0000E+00
0.0000E+00
0.0000E+00
0.0000E+00
0.0000E+00
0.0000E+00
0.0000E+00
0.0000E+00
0.0000E+00
0.0000E+00
0.0000E+00
0.0000E+00
0.0000E+00
0.0000E+00
0.0000E+00
0.0000E+00
0.0000E+00
0.0000E+00
0.0000E+00
0.0000E+00
0.0000E+00
0.0000E+00
0.0000E+00
0.0000E+00
0.0000E+00
0.0000E+00
0.0000E+00
0.0000E+00
0.0000E+00
0.0000E+00
0.0000E+00
0.0000E+00
0.0000E+00
0.0000E+00
0.0000E+00
0.0000E+00
0.0000E+00
0.0000E+00
0.0000E+00
0.0000E+00
0.0000E+00
0.0000E+00
0.0000E+00
0.0000E+00
0.0000E+00
0.0000E+00
0.0000E+00
0.0000E+00
0.0000E+00
0.0000E+00
0.0000E+00
0.0000E+00
0.0000E+00
0.0000E+00
0.0000E+00
0.0000E+00
0.0000E+00
0.0000E+00
0.0000E+00
0.0000E+00
0.0000E+00
0.0000E+00
0.0000E+00
0.0000E+00
0.0000E+00
0.0000E+00
0.0000E+00
0.0000E+00
0.0000E+00
0.0000E+00
0.0000E+00
0.0000E+00
0.0000E+00
0.0000E+00
0.0000E+00
0.0000E+00
0.0000E+00
0.0000E+00
0.0000E+00
0.0000E+00
0.0000E+00
0.0000E+00
7.1989E-03
2.7909E-02
4.8610E-02
6.9297E-02
8.9964E-02
1.1061E-01
1.3121E-01
1.5178E-01
1.7231E-01
1.9278E-01
2.1320E-01
2.3356E-01
2.5385E-01
2.7406E-01
2.9419E-01
3.1424E-01
3.3420E-01
3.5405E-01
3.7381E-01
3.9345E-01
4.1298E-01
4.3239E-01
4.5167E-01
4.7082E-01
4.8984E-01
5.0870E-01
5.2742E-01
5.4599E-01
5.6440E-01
5.8264E-01
6.0071E-01
6.1860E-01
6.3631E-01
6.5384E-01
6.7118E-01
6.8832E-01
7.0526E-01
7.2199E-01
7.3851E-01
7.5481E-01
7.7090E-01
7.8675E-01
8.0238E-01
8.1777E-01
8.3293E-01
8.4784E-01
8.6250E-01
8.7691E-01
8.9106E-01
9.0495E-01
9.1858E-01
9.3194E-01
9.4502E-01
9.5783E-01
9.7036E-01
9.8261E-01
9.9456E-01
1.0062E+00
1.0176E+00
1.0287E+00
1.0395E+00
1.0499E+00
1.0601E+00
1.0699E+00
1.0795E+00
1.0887E+00
1.0976E+00
1.1062E+00
1.1144E+00
1.1224E+00
1.1300E+00
1.1373E+00
1.1442E+00
1.1508E+00
1.1571E+00
1.1630E+00
1.1686E+00
1.1738E+00
1.1787E+00
1.1833E+00
1.1875E+00
1.1914E+00
1.1949E+00
1.1981E+00
1.2009E+00
1.2034E+00
1.2055E+00
1.2072E+00
1.2086E+00
1.2097E+00
1.2104E+00
1.2107E+00
1.2107E+00
1.2104E+00
1.2097E+00
1.2086E+00
1.2072E+00
1.2054E+00
1.2033E+00
1.2008E+00
1.1979E+00
1.1948E+00
1.1912E+00
1.1873E+00
1.1831E+00
1.1785E+00
1.1736E+00
1.1683E+00
1.1627E+00
1.1568E+00
1.1505E+00
1.1439E+00
1.1369E+00
1.1296E+00
1.1220E+00
1.1141E+00
1.1058E+00
1.0972E+00
1.0883E+00
1.0790E+00
1.0695E+00
1.0596E+00
1.0495E+00
1.0390E+00
1.0282E+00
1.0171E+00
1.0057E+00
9.9403E-01
9.8206E-01
9.6980E-01
9.5726E-01
9.4444E-01
9.3134E-01
9.1797E-01
9.0433E-01
8.9043E-01
8.7626E-01
8.6184E-01
8.4717E-01
8.3225E-01
8.1708E-01
8.0168E-01
7.8604E-01
7.7017E-01
7.5408E-01
7.3777E-01
7.2124E-01
7.0450E-01
6.8755E-01
6.7040E-01
6.5305E-01
6.3552E-01
6.1780E-01
5.9989E-01
5.8182E-01
5.6357E-01
5.4516E-01
5.2658E-01
5.0786E-01
4.8898E-01
4.6996E-01
4.5081E-01
4.3152E-01
4.1210E-01
3.9257E-01
3.7292E-01
3.5316E-01
3.3330E-01
3.1334E-01
2.9329E-01
2.7315E-01
2.5293E-01
2.3264E-01
2.1228E-01
1.9186E-01
1.7138E-01
1.5086E-01
1.3028E-01
1.0967E-01
8.9032E-02
6.8364E-02
4.7676E-02
2.6974E-02
6.2640E-03
0.0000E+00
0.0000E+00
0.0000E+00
0.0000E+00
0.0000E+00
0.0000E+00
0.0000E+00
0.0000E+00
0.0000E+00
0.0000E+00
0.0000E+00
0.0000E+00
0.0000E+00
0.0000E+00
0.0000E+00
0.0000E+00
0.0000E+00
0.0000E+00
0.0000E+00
0.0000E+00
0.0000E+00
0.0000E+00
0.0000E+00
0.0000E+00
0.0000E+00
0.0000E+00
0.0000E+00
0.0000E+00
0.0000E+00
0.0000E+00
0.0000E+00
0.0000E+00
0.0000E+00
0.0000E+00
0.0000E+00
0.0000E+00
0.0000E+00
0.0000E+00
0.0000E+00
0.0000E+00
0.0000E+00
0.0000E+00
0.0000E+00
0.0000E+00
0.0000E+00
0.0000E+00
0.0000E+00
0.0000E+00
0.0000E+00
0.0000E+00
0.0000E+00
0.0000E+00
0.0000E+00
0.0000E+00
0.0000E+00
0.0000E+00
0.0000E+00
0.0000E+00
0.0000E+00
0.0000E+00
0.0000E+00
0.0000E+00
0.0000E+00
0.0000E+00
0.0000E+00
0.0000E+00
0.0000E+00
0.0000E+00
0.0000E+00
0.0000E+00
0.0000E+00
0.0000E+00
0.0000E+00
0.0000E+00
0.0000E+00
0.0000E+00
0.0000E+00
0.0000E+00
0.0000E+00
0.0000E+00
0.0000E+00
0.0000E+00
0.0000E+00
0.0000E+00
0.0000E+00
0.0000E+00
0.0000E+00
0.0000E+00
0.0000E+00
0.0000E+00
0.0000E+00
0.0000E+00
0.0000E+00
0.0000E+00
0.0000E+00
0.0000E+00
0.0000E+00
0.0000E+00
0.0000E+00
0.0000E+00
0.0000E+00
0.0000E+00
0.0000E+00
0.0000E+00
0.0000E+00
0.0000E+00
0.0000E+00
0.0000E+00
0.0000E+00
0.0000E+00
0.0000E+00
0.0000E+00
0.0000E+00
0.0000E+00
0.0000E+00
0.0000E+00
0.0000E+00
0.0000E+00
0.0000E+00
0.0000E+00
0.0000E+00
0.0000E+00
0.0000E+00
0.0000E+00
0.0000E+00
0.0000E+00
0.0000E+00
0.0000E+00
0.0000E+00
0.0000E+00
0.0000E+00
0.0000E+00
0.0000E+00
0.0000E+00
0.0000E+00
0.0000E+00
0.0000E+00
0.0000E+00
0.0000E+00
0.0000E+00
0.0000E+00
0.0000E+00
0.0000E+00
0.0000E+00
0.0000E+00
0.0000E+00
0.0000E+00
0.0000E+00
0.0000E+00
0.0000E+00
0.0000E+00
0.0000E+00
0.0000E+00
0.0000E+00
0.0000E+00
0.0000E+00
0.0000E+00
0.0000E+00
0.0000E+00
0.0000E+00
0.0000E+00
0.0000E+00
0.0000E+00
0.0000E+00
0.0000E+00
0.0000E+00
0.0000E+00
0.0000E+00
0.0000E+00
0.0000E+00
0.0000E+00
0.0000E+00
0.0000E+00
0.0000E+00
0.0000E+00
0.0000E+00
0.0000E+00
0.0000E+00
0.0000E+00
0.0000E+00
0.0000E+00
0.0000E+00
0.0000E+00
9.8518E-04
2.1696E-02
4.2401E-02
6.3093E-02
8.3767E-02
1.0442E-01
1.2503E-01
1.4562E-01
1.6616E-01
1.8665E-01
2.0708E-01
2.2746E-01
2.4777E-01
2.6800E-01
2.8816E-01
3.0824E-01
3.2822E-01
3.4811E-01
3.6789E-01
3.8757E-01
4.0714E-01
4.2658E-01
4.4590E-01
4.6509E-01
4.8415E-01
5.0306E-01
5.2182E-01
5.4044E-01
5.5889E-01
5.7718E-01
5.9530E-01
6.1325E-01
6.3102E-01
6.4860E-01
6.6600E-01
6.8320E-01
7.0020E-01
7.1699E-01
7.3357E-01
7.4994E-01
7.6609E-01
7.8202E-01
7.9772E-01
8.1318E-01
8.2841E-01
8.4339E-01
8.5813E-01
8.7261E-01
8.8684E-01
9.0081E-01
9.1452E-01
9.2796E-01
9.4113E-01
9.5402E-01
9.6663E-01
9.7896E-01
9.9101E-01
1.0028E+00
1.0142E+00
1.0254E+00
1.0363E+00
1.0468E+00
1.0571E+00
1.0670E+00
1.0766E+00
1.0860E+00
1.0950E+00
1.1036E+00
1.1120E+00
1.1200E+00
1.1277E+00
1.1351E+00
1.1421E+00
1.1489E+00
1.1552E+00
1.1613E+00
1.1669E+00
1.1723E+00
1.1773E+00
1.1820E+00
1.1863E+00
1.1903E+00
1.1939E+00
1.1972E+00
1.2001E+00
1.2027E+00
1.2049E+00
1.2067E+00
1.2083E+00
1.2094E+00
1.2102E+00
1.2107E+00
1.2108E+00
1.2105E+00
1.2099E+00
1.2089E+00
1.2076E+00
1.2060E+00
1.2039E+00
1.2016E+00
1.1988E+00
1.1957E+00
1.1923E+00
1.1885E+00
1.1844E+00
1.1799E+00
1.1751E+00
1.1700E+00
1.1645E+00
1.1586E+00
1.1524E+00
1.1459E+00
1.1391E+00
1.1319E+00
1.1243E+00
1.1165E+00
1.1083E+00
1.0998E+00
1.0910E+00
1.0819E+00
1.0724E+00
1.0626E+00
1.0525E+00
1.0421E+00
1.0315E+00
1.0205E+00
1.0092E+00
9.9757E-01
9.8568E-01
9.7351E-01
9.6105E-01
9.4832E-01
9.3530E-01
9.2201E-01
9.0845E-01
8.9463E-01
8.8054E-01
8.6620E-01
8.5160E-01
8.3675E-01
8.2166E-01
8.0633E-01
7.9076E-01
7.7496E-01
7.5893E-01
7.4268E-01
7.2622E-01
7.0954E-01
6.9265E-01
6.7556E-01
6.5828E-01
6.4080E-01
6.2313E-01
6.0528E-01
5.8726E-01
5.6906E-01
5.5070E-01
5.3217E-01
5.1349E-01
4.9466E-01
4.7568E-01
4.5657E-01
4.3732E-01
4.1794E-01
3.9844E-01
3.7883E-01
3.5910E-01
3.3927E-01
3.1934E-01
2.9931E-01
2.7920E-01
2.5901E-01
2.3874E-01
2.1840E-01
1.9799E-01
1.7753E-01
1.5702E-01
1.3646E-01
1.1586E-01
9.5228E-02
7.4567E-02
5.3884E-02
3.3186E-02
1.2478E-02
0.0000E+00
0.0000E+00
0.0000E+00
0.0000E+00
0.0000E+00
0.0000E+00
0.0000E+00
0.0000E+00
0.0000E+00
0.0000E+00
0.0000E+00
0.0000E+00
0.0000E+00
0.0000E+00
0.0000E+00
0.0000E+00
0.0000E+00
0.0000E+00
0.0000E+00
0.0000E+00
0.0000E+00
0.0000E+00
0.0000E+00
0.0000E+00
0.0000E+00
0.0000E+00
0.0000E+00
0.0000E+00
0.0000E+00
0.0000E+00
0.0000E+00
0.0000E+00
0.0000E+00
0.0000E+00
0.0000E+00
0.0000E+00
0.0000E+00
0.0000E+00
0.0000E+00
0.0000E+00
0.0000E+00
0.0000E+00
0.0000E+00
0.0000E+00
0.0000E+00
0.0000E+00
0.0000E+00
0.0000E+00
0.0000E+00
0.0000E+00
0.0000E+00
0.0000E+00
0.0000E+00
0.0000E+00
0.0000E+00
0.0000E+00
0.0000E+00
0.0000E+00
0.0000E+00
0.0000E+00
0.0000E+00
0.0000E+00
0.0000E+00
0.0000E+00
0.0000E+00
0.0000E+00
0.0000E+00
0.0000E+00
0.0000E+00
0.0000E+00
0.0000E+00
0.0000E+00
0.0000E+00
0.0000E+00
0.0000E+00
0.0000E+00
0.0000E+00
0.0000E+00
0.0000E+00
0.0000E+00
0.0000E+00
0.0000E+00
0.0000E+00
0.0000E+00
0.0000E+00
0.0000E+00
0.0000E+00
0.0000E+00
0.0000E+00
0.0000E+00
0.0000E+00
0.0000E+00
0.0000E+00
0.0000E+00
0.0000E+00
0.0000E+00
0.0000E+00
0.0000E+00
0.0000E+00
0.0000E+00
0.0000E+00
0.0000E+00
0.0000E+00
0.0000E+00
0.0000E+00
0.0000E+00
0.0000E+00
0.0000E+00
0.0000E+00
0.0000E+00
0.0000E+00
0.0000E+00
0.0000E+00
0.0000E+00
0.0000E+00
0.0000E+00
0.0000E+00
0.0000E+00
0.0000E+00
0.0000E+00
0.0000E+00
0.0000E+00
0.0000E+00
0.0000E+00
0.0000E+00
0.0000E+00
0.0000E+00
0.0000E+00
0.0000E+00
0.0000E+00
0.0000E+00
0.0000E+00
0.0000E+00
0.0000E+00
0.0000E+00
0.0000E+00
0.0000E+00
0.0000E+00
0.0000E+00
0.0000E+00
0.0000E+00
0.0000E+00
0.0000E+00
0.0000E+00
0.0000E+00
0.0000E+00
0.0000E+00
0.0000E+00
0.0000E+00
0.0000E+00
0.0000E+00
0.0000E+00
0.0000E+00
0.0000E+00
0.0000E+00
0.0000E+00
0.0000E+00
0.0000E+00
0.0000E+00
0.0000E+00
0.0000E+00
0.0000E+00
0.0000E+00
0.0000E+00
0.0000E+00
0.0000E+00
0.0000E+00
0.0000E+00
0.0000E+00
0.0000E+00
0.0000E+00
0.0000E+00
0.0000E+00
0.0000E+00
0.0000E+00
0.0000E+00
0.0000E+00
0.0000E+00
0.0000E+00
0.0000E+00
0.0000E+00
0.0000E+00
0.0000E+00
0.0000E+00
1.5483E-02
3.6190E-02
5.6887E-02
7.7567E-02
9.8224E-02
1.1885E-01
1.3945E-01
1.6000E-01
1.8050E-01
2.0096E-01
2.2135E-01
2.4168E-01
2.6194E-01
2.8212E-01
3.0222E-01
3.2223E-01
3.4215E-01
3.6197E-01
3.8168E-01
4.0128E-01
4.2076E-01
4.4012E-01
4.5935E-01
4.7844E-01
4.9740E-01
5.1621E-01
5.3487E-01
5.5337E-01
5.7171E-01
5.8989E-01
6.0789E-01
6.2571E-01
6.4335E-01
6.6080E-01
6.7806E-01
6.9512E-01
7.1197E-01
7.2862E-01
7.4506E-01
7.6127E-01
7.7727E-01
7.9303E-01
8.0857E-01
8.2386E-01
8.3892E-01
8.5373E-01
8.6829E-01
8.8260E-01
8.9665E-01
9.1044E-01
9.2396E-01
9.3721E-01
9.5018E-01
9.6288E-01
9.7529E-01
9.8742E-01
9.9927E-01
1.0108E+00
1.0221E+00
1.0330E+00
1.0437E+00
1.0540E+00
1.0641E+00
1.0738E+00
1.0832E+00
1.0923E+00
1.1011E+00
1.1095E+00
1.1177E+00
1.1255E+00
1.1329E+00
1.1401E+00
1.1469E+00
1.1533E+00
1.1595E+00
1.1653E+00
1.1707E+00
1.1758E+00
1.1806E+00
1.1850E+00
1.1891E+00
1.1928E+00
1.1962E+00
1.1992E+00
1.2019E+00
1.2042E+00
1.2062E+00
1.2078E+00
1.2091E+00
1.2100E+00
1.2106E+00
1.2108E+00
1.2106E+00
1.2101E+00
1.2093E+00
1.2081E+00
1.2065E+00
1.2046E+00
1.2023E+00
1.1997E+00
1.1967E+00
1.1934E+00
1.1897E+00
1.1857E+00
1.1813E+00
1.1766E+00
1.1715E+00
1.1661E+00
1.1604E+00
1.1543E+00
1.1479E+00
1.1411E+00
1.1341E+00
1.1266E+00
1.1189E+00
1.1108E+00
1.1024E+00
1.0937E+00
1.0846E+00
1.0753E+00
1.0656E+00
1.0556E+00
1.0453E+00
1.0347E+00
1.0238E+00
1.0126E+00
1.0011E+00
9.8928E-01
9.7719E-01
9.6482E-01
9.5217E-01
9.3923E-01
9.2603E-01
9.1255E-01
8.9880E-01
8.8479E-01
8.7053E-01
8.5600E-01
8.4123E-01
8.2621E-01
8.1095E-01
7.9545E-01
7.7972E-01
7.6376E-01
7.4758E-01
7.3118E-01
7.1457E-01
6.9774E-01
6.8071E-01
6.6348E-01
6.4606E-01
6.2845E-01
6.1066E-01
5.9268E-01
5.7454E-01
5.5622E-01
5.3775E-01
5.1911E-01
5.0032E-01
4.8139E-01
4.6232E-01
4.4311E-01
4.2377E-01
4.0430E-01
3.8472E-01
3.6503E-01
3.4523E-01
3.2533E-01
3.0533E-01
2.8524E-01
2.6507E-01
2.4482E-01
2.2451E-01
2.0412E-01
1.8368E-01
1.6318E-01
1.4263E-01
1.2204E-01
1.0142E-01
8.0768E-02
6.0091E-02
3.9397E-02
1.8691E-02
0.0000E+00
0.0000E+00
0.0000E+00
0.0000E+00
0.0000E+00
0.0000E+00
0.0000E+00
0.0000E+00
0.0000E+00
0.0000E+00
0.0000E+00
0.0000E+00
0.0000E+00
0.0000E+00
0.0000E+00
0.0000E+00
0.0000E+00
0.0000E+00
0.0000E+00
0.0000E+00
0.0000E+00
0.0000E+00
0.0000E+00
0.0000E+00
0.0000E+00
0.0000E+00
0.0000E+00
0.0000E+00
0.0000E+00
0.0000E+00
0.0000E+00
0.0000E+00
0.0000E+00
0.0000E+00
0.0000E+00
0.0000E+00
0.0000E+00
0.0000E+00
0.0000E+00
0.0000E+00
0.0000E+00
0.0000E+00
0.0000E+00
0.0000E+00
0.0000E+00
0.0000E+00
0.0000E+00
0.0000E+00
0.0000E+00
0.0000E+00
0.0000E+00
0.0000E+00
0.0000E+00
0.0000E+00
0.0000E+00
0.0000E+00
0.0000E+00
0.0000E+00
0.0000E+00
0.0000E+00
0.0000E+00
0.0000E+00
0.0000E+00
0.0000E+00
0.0000E+00
0.0000E+00
0.0000E+00
0.0000E+00
0.0000E+00
0.0000E+00
0.0000E+00
0.0000E+00
0.0000E+00
0.0000E+00
0.0000E+00
0.0000E+00
0.0000E+00
0.0000E+00
0.0000E+00
0.0000E+00
0.0000E+00
0.0000E+00
0.0000E+00
0.0000E+00
0.0000E+00
0.0000E+00
0.0000E+00
0.0000E+00
0.0000E+00
0.0000E+00
0.0000E+00
0.0000E+00
0.0000E+00
0.0000E+00
0.0000E+00
0.0000E+00
0.0000E+00
0.0000E+00
0.0000E+00
0.0000E+00
0.0000E+00
0.0000E+00
0.0000E+00
0.0000E+00
0.0000E+00
0.0000E+00
0.0000E+00
0.0000E+00
0.0000E+00
0.0000E+00
0.0000E+00
0.0000E+00
0.0000E+00
0.0000E+00
0.0000E+00
0.0000E+00
0.0000E+00
0.0000E+00
0.0000E+00
0.0000E+00
0.0000E+00
0.0000E+00
0.0000E+00
0.0000E+00
0.0000E+00
0.0000E+00
0.0000E+00
0.0000E+00
0.0000E+00
0.0000E+00
0.0000E+00
0.0000E+00
0.0000E+00
0.0000E+00
0.0000E+00
0.0000E+00
0.0000E+00
0.0000E+00
0.0000E+00
0.0000E+00
0.0000E+00
0.0000E+00
0.0000E+00
0.0000E+00
0.0000E+00
0.0000E+00
0.0000E+00
0.0000E+00
0.0000E+00
0.0000E+00
0.0000E+00
0.0000E+00
0.0000E+00
0.0000E+00
0.0000E+00
0.0000E+00
0.0000E+00
0.0000E+00
0.0000E+00
0.0000E+00
0.0000E+00
0.0000E+00
0.0000E+00
0.0000E+00
0.0000E+00
0.0000E+00
0.0000E+00
0.0000E+00
0.0000E+00
0.0000E+00
0.0000E+00
0.0000E+00
0.0000E+00
0.0000E+00
0.0000E+00
0.0000E+00
0.0000E+00
0.0000E+00
0.0000E+00
0.0000E+00
0.0000E+00
0.0000E+00
0.0000E+00
0.0000E+00
9.2697E-03
2.9979E-02
5.0679E-02
7.1365E-02
9.2029E-02
1.1267E-01
1.3327E-01
1.5384E-01
1.7436E-01
1.9483E-01
2.1524E-01
2.3559E-01
2.5587E-01
2.7608E-01
2.9620E-01
3.1624E-01
3.3619E-01
3.5603E-01
3.7578E-01
3.9541E-01
4.1493E-01
4.3432E-01
4.5359E-01
4.7273E-01
4.9173E-01
5.1058E-01
5.2929E-01
5.4784E-01
5.6623E-01
5.8445E-01
6.0250E-01
6.2038E-01
6.3808E-01
6.5558E-01
6.7290E-01
6.9002E-01
7.0694E-01
7.2365E-01
7.4015E-01
7.5643E-01
7.7249E-01
7.8833E-01
8.0393E-01
8.1930E-01
8.3443E-01
8.4931E-01
8.6395E-01
8.7833E-01
8.9246E-01
9.0633E-01
9.1993E-01
9.3326E-01
9.4632E-01
9.5910E-01
9.7160E-01
9.8382E-01
9.9574E-01
1.0074E+00
1.0187E+00
1.0298E+00
1.0405E+00
1.0509E+00
1.0611E+00
1.0709E+00
1.0804E+00
1.0896E+00
1.0985E+00
1.1070E+00
1.1152E+00
1.1231E+00
1.1307E+00
1.1380E+00
1.1449E+00
1.1514E+00
1.1577E+00
1.1636E+00
1.1691E+00
1.1743E+00
1.1792E+00
1.1837E+00
1.1879E+00
1.1918E+00
1.1952E+00
1.1984E+00
1.2012E+00
1.2036E+00
1.2057E+00
1.2074E+00
1.2088E+00
1.2098E+00
1.2104E+00
1.2108E+00
1.2107E+00
1.2103E+00
1.2096E+00
1.2085E+00
1.2070E+00
1.2052E+00
1.2030E+00
1.2005E+00
1.1976E+00
1.1944E+00
1.1908E+00
1.1869E+00
1.1827E+00
1.1781E+00
1.1731E+00
1.1678E+00
1.1622E+00
1.1562E+00
1.1499E+00
1.1432E+00
1.1362E+00
1.1289E+00
1.1212E+00
1.1133E+00
1.1050E+00
1.0963E+00
1.0874E+00
1.0781E+00
1.0685E+00
1.0586E+00
1.0484E+00
1.0379E+00
1.0271E+00
1.0160E+00
1.0046E+00
9.9285E-01
9.8085E-01
9.6856E-01
9.5599E-01
9.4314E-01
9.3002E-01
9.1662E-01
9.0295E-01
8.8902E-01
8.7483E-01
8.6039E-01
8.4569E-01
8.3074E-01
8.1555E-01
8.0013E-01
7.8447E-01
7.6858E-01
7.5246E-01
7.3612E-01
7.1957E-01
7.0281E-01
6.8584E-01
6.6867E-01
6.5131E-01
6.3376E-01
6.1602E-01
5.9810E-01
5.8000E-01
5.6173E-01
5.4331E-01
5.2472E-01
5.0597E-01
4.8708E-01
4.6805E-01
4.4888E-01
4.2958E-01
4.1016E-01
3.9061E-01
3.7095E-01
3.5118E-01
3.3131E-01
3.1134E-01
2.9128E-01
2.7113E-01
2.5091E-01
2.3061E-01
2.1024E-01
1.8982E-01
1.6933E-01
1.4880E-01
1.2822E-01
1.0761E-01
8.6967E-02
6.6296E-02
4.5607E-02
2.4904E-02
4.1932E-03
0.0000E+00
0.0000E+00
0.0000E+00
0.0000E+00
0.0000E+00
0.0000E+00
0.0000E+00
0.0000E+00
0.0000E+00
0.0000E+00
0.0000E+00
0.0000E+00
0.0000E+00
0.0000E+00
0.0000E+00
0.0000E+00
0.0000E+00
0.0000E+00
0.0000E+00
0.0000E+00
0.0000E+00
0.0000E+00
0.0000E+00
0.0000E+00
0.0000E+00
0.0000E+00
0.0000E+00
0.0000E+00
0.0000E+00
0.0000E+00
0.0000E+00
0.0000E+00
0.0000E+00
0.0000E+00
0.0000E+00
0.0000E+00
0.0000E+00
0.0000E+00
0.0000E+00
0.0000E+00
0.0000E+00
0.0000E+00
0.0000E+00
0.0000E+00
0.0000E+00
0.0000E+00
0.0000E+00
0.0000E+00
0.0000E+00
0.0000E+00
0.0000E+00
0.0000E+00
0.0000E+00
0.0000E+00
0.0000E+00
0.0000E+00
0.0000E+00
0.0000E+00
0.0000E+00
0.0000E+00
0.0000E+00
0.0000E+00
0.0000E+00
0.0000E+00
0.0000E+00
0.0000E+00
0.0000E+00
0.0000E+00
0.0000E+00
0.0000E+00
0.0000E+00
0.0000E+00
0.0000E+00
0.0000E+00
0.0000E+00
0.0000E+00
0.0000E+00
0.0000E+00
0.0000E+00
0.0000E+00
0.0000E+00
0.0000E+00
0.0000E+00
0.0000E+00
0.0000E+00
0.0000E+00
0.0000E+00
0.0000E+00
0.0000E+00
0.0000E+00
0.0000E+00
0.0000E+00
0.0000E+00
0.0000E+00
0.0000E+00
0.0000E+00
0.0000E+00
0.0000E+00
0.0000E+00
0.0000E+00
0.0000E+00
0.0000E+00
0.0000E+00
0.0000E+00
0.0000E+00
0.0000E+00
0.0000E+00
0.0000E+00
0.0000E+00
0.0000E+00
0.0000E+00
0.0000E+00
0.0000E+00
0.0000E+00
0.0000E+00
0.0000E+00
0.0000E+00
0.0000E+00
0.0000E+00
0.0000E+00
0.0000E+00
0.0000E+00
0.0000E+00
0.0000E+00
0.0000E+00
0.0000E+00
0.0000E+00
0.0000E+00
0.0000E+00
0.0000E+00
0.0000E+00
0.0000E+00
0.0000E+00
0.0000E+00
0.0000E+00
0.0000E+00
0.0000E+00
0.0000E+00
0.0000E+00
0.0000E+00
0.0000E+00
0.0000E+00
0.0000E+00
0.0000E+00
0.0000E+00
0.0000E+00
0.0000E+00
0.0000E+00
0.0000E+00
0.0000E+00
0.0000E+00
0.0000E+00
0.0000E+00
0.0000E+00
0.0000E+00
0.0000E+00
0.0000E+00
0.0000E+00
0.0000E+00
0.0000E+00
0.0000E+00
0.0000E+00
0.0000E+00
0.0000E+00
0.0000E+00
0.0000E+00
0.0000E+00
0.0000E+00
0.0000E+00
0.0000E+00
0.0000E+00
0.0000E+00
0.0000E+00
0.0000E+00
0.0000E+00
0.0000E+00
0.0000E+00
0.0000E+00
0.0000E+00
0.0000E+00
0.0000E+00
0.0000E+00
0.0000E+00
3.0560E-03
2.3767E-02
4.4470E-02
6.5161E-02
8.5832E-02
1.0648E-01
1.2709E-01
1.4767E-01
1.6821E-01
1.8869E-01
2.0912E-01
2.2949E-01
2.4979E-01
2.7002E-01
2.9017E-01
3.1024E-01
3.3021E-01
3.5009E-01
3.6987E-01
3.8953E-01
4.0909E-01
4.2852E-01
4.4783E-01
4.6700E-01
4.8604E-01
5.0494E-01
5.2369E-01
5.4229E-01
5.6073E-01
5.7900E-01
5.9711E-01
6.1504E-01
6.3279E-01
6.5035E-01
6.6773E-01
6.8490E-01
7.0188E-01
7.1866E-01
7.3522E-01
7.5157E-01
7.6770E-01
7.8360E-01
7.9927E-01
8.1471E-01
8.2992E-01
8.4487E-01
8.5959E-01
8.7405E-01
8.8825E-01
9.0220E-01
9.1588E-01
9.2929E-01
9.4243E-01
9.5529E-01
9.6788E-01
9.8018E-01
9.9220E-01
1.0039E+00
1.0154E+00
1.0265E+00
1.0373E+00
1.0478E+00
1.0581E+00
1.0680E+00
1.0776E+00
1.0869E+00
1.0958E+00
1.1045E+00
1.1128E+00
1.1208E+00
1.1285E+00
1.1358E+00
1.1428E+00
1.1495E+00
1.1558E+00
1.1618E+00
1.1675E+00
1.1728E+00
1.1778E+00
1.1824E+00
1.1867E+00
1.1906E+00
1.1942E+00
1.1975E+00
1.2004E+00
1.2029E+00
1.2051E+00
1.2069E+00
1.2084E+00
1.2095E+00
1.2103E+00
1.2107E+00
1.2108E+00
1.2105E+00
1.2098E+00
1.2088E+00
1.2075E+00
1.2058E+00
1.2037E+00
1.2013E+00
1.1985E+00
1.1954E+00
1.1920E+00
1.1881E+00
1.1840E+00
1.1795E+00
1.1746E+00
1.1694E+00
1.1639E+00
1.1580E+00
1.1518E+00
1.1452E+00
1.1383E+00
1.1311E+00
1.1236E+00
1.1157E+00
1.1075E+00
1.0989E+00
1.0901E+00
1.0809E+00
1.0714E+00
1.0616E+00
1.0515E+00
1.0411E+00
1.0304E+00
1.0193E+00
1.0080E+00
9.9639E-01
9.8448E-01
9.7228E-01
9.5979E-01
9.4703E-01
9.3398E-01
9.2067E-01
9.0708E-01
8.9323E-01
8.7912E-01
8.6475E-01
8.5012E-01
8.3525E-01
8.2014E-01
8.0478E-01
7.8919E-01
7.7337E-01
7.5732E-01
7.4105E-01
7.2456E-01
7.0786E-01
6.9095E-01
6.7385E-01
6.5654E-01
6.3904E-01
6.2136E-01
6.0349E-01
5.8545E-01
5.6723E-01
5.4885E-01
5.3031E-01
5.1161E-01
4.9277E-01
4.7378E-01
4.5465E-01
4.3539E-01
4.1600E-01
3.9649E-01
3.7686E-01
3.5712E-01
3.3728E-01
3.1734E-01
2.9730E-01
2.7718E-01
2.5698E-01
2.3671E-01
2.1636E-01
1.9595E-01
1.7548E-01
1.5497E-01
1.3440E-01
1.1380E-01
9.3163E-02
7.2500E-02
5.1815E-02
3.1116E-02
1.0407E-02
0.0000E+00
0.0000E+00
0.0000E+00
0.0000E+00
0.0000E+00
0.0000E+00
0.0000E+00
0.0000E+00
0.0000E+00
0.0000E+00
0.0000E+00
0.0000E+00
0.0000E+00
0.0000E+00
0.0000E+00
0.0000E+00
0.0000E+00
0.0000E+00
0.0000E+00
0.0000E+00
0.0000E+00
0.0000E+00
0.0000E+00
0.0000E+00
0.0000E+00
0.0000E+00
0.0000E+00
0.0000E+00
0.0000E+00
0.0000E+00
0.0000E+00
0.0000E+00
0.0000E+00
0.0000E+00
0.0000E+00
0.0000E+00
0.0000E+00
0.0000E+00
0.0000E+00
0.0000E+00
0.0000E+00
0.0000E+00
0.0000E+00
0.0000E+00
0.0000E+00
0.0000E+00
0.0000E+00
0.0000E+00
0.0000E+00
0.0000E+00
0.0000E+00
0.0000E+00
0.0000E+00
0.0000E+00
0.0000E+00
0.0000E+00
0.0000E+00
0.0000E+00
0.0000E+00
0.0000E+00
0.0000E+00
0.0000E+00
0.0000E+00
0.0000E+00
0.0000E+00
0.0000E+00
0.0000E+00
0.0000E+00
0.0000E+00
0.0000E+00
0.0000E+00
0.0000E+00
0.0000E+00
0.0000E+00
0.0000E+00
0.0000E+00
0.0000E+00
0.0000E+00
0.0000E+00
0.0000E+00
0.0000E+00
0.0000E+00
0.0000E+00
0.0000E+00
0.0000E+00
0.0000E+00
0.0000E+00
0.0000E+00
0.0000E+00
0.0000E+00
0.0000E+00
0.0000E+00
0.0000E+00
0.0000E+00
0.0000E+00
0.0000E+00
0.0000E+00
0.0000E+00
0.0000E+00
0.0000E+00
0.0000E+00
0.0000E+00
0.0000E+00
0.0000E+00
0.0000E+00
0.0000E+00
0.0000E+00
0.0000E+00
0.0000E+00
0.0000E+00
0.0000E+00
0.0000E+00
0.0000E+00
0.0000E+00
0.0000E+00
0.0000E+00
0.0000E+00
0.0000E+00
0.0000E+00
0.0000E+00
0.0000E+00
0.0000E+00
0.0000E+00
0.0000E+00
0.0000E+00
0.0000E+00
0.0000E+00
0.0000E+00
0.0000E+00
0.0000E+00
0.0000E+00
0.0000E+00
0.0000E+00
0.0000E+00
0.0000E+00
0.0000E+00
0.0000E+00
0.0000E+00
0.0000E+00
0.0000E+00
0.0000E+00
0.0000E+00
0.0000E+00
0.0000E+00
0.0000E+00
0.0000E+00
0.0000E+00
0.0000E+00
0.0000E+00
0.0000E+00
0.0000E+00
0.0000E+00
0.0000E+00
0.0000E+00
0.0000E+00
0.0000E+00
0.0000E+00
0.0000E+00
0.0000E+00
0.0000E+00
0.0000E+00
0.0000E+00
0.0000E+00
0.0000E+00
0.0000E+00
0.0000E+00
0.0000E+00
0.0000E+00
0.0000E+00
0.0000E+00
0.0000E+00
0.0000E+00
0.0000E+00
0.0000E+00
0.0000E+00
0.0000E+00
0.0000E+00
0.0000E+00
0.0000E+00
0.0000E+00
0.0000E+00
0.0000E+00
0.0000E+00
0.0000E+00
1.7554E-02
3.8260E-02
5.8955E-02
7.9633E-02
1.0029E-01
1.2091E-01
1.4150E-01
1.6205E-01
1.8255E-01
2.0300E-01
2.2339E-01
2.4371E-01
2.6396E-01
2.8414E-01
3.0423E-01
3.2423E-01
3.4414E-01
3.6394E-01
3.8364E-01
4.0323E-01
4.2270E-01
4.4205E-01
4.6126E-01
4.8035E-01
4.9929E-01
5.1808E-01
5.3673E-01
5.5521E-01
5.7354E-01
5.9169E-01
6.0968E-01
6.2748E-01
6.4510E-01
6.6253E-01
6.7977E-01
6.9681E-01
7.1365E-01
7.3027E-01
7.4669E-01
7.6288E-01
7.7885E-01
7.9460E-01
8.1011E-01
8.2538E-01
8.4041E-01
8.5520E-01
8.6973E-01
8.8402E-01
8.9804E-01
9.1180E-01
9.2529E-01
9.3852E-01
9.5146E-01
9.6413E-01
9.7652E-01
9.8862E-01
1.0004E+00
1.0120E+00
1.0232E+00
1.0341E+00
1.0447E+00
1.0550E+00
1.0650E+00
1.0747E+00
1.0841E+00
1.0932E+00
1.1019E+00
1.1104E+00
1.1184E+00
1.1262E+00
1.1337E+00
1.1408E+00
1.1475E+00
1.1540E+00
1.1601E+00
1.1658E+00
1.1713E+00
1.1763E+00
1.1811E+00
1.1855E+00
1.1895E+00
1.1932E+00
1.1965E+00
1.1995E+00
1.2022E+00
1.2045E+00
1.2064E+00
1.2080E+00
1.2092E+00
1.2101E+00
1.2106E+00
1.2108E+00
1.2106E+00
1.2101E+00
1.2092E+00
1.2079E+00
1.2063E+00
1.2044E+00
1.2021E+00
1.1994E+00
1.1964E+00
1.1930E+00
1.1893E+00
1.1853E+00
1.1809E+00
1.1761E+00
1.1710E+00
1.1656E+00
1.1598E+00
1.1537E+00
1.1472E+00
1.1404E+00
1.1333E+00
1.1259E+00
1.1181E+00
1.1100E+00
1.1015E+00
1.0928E+00
1.0837E+00
1.0743E+00
1.0646E+00
1.0546E+00
1.0443E+00
1.0336E+00
1.0227E+00
1.0114E+00
9.9991E-01
9.8808E-01
9.7597E-01
9.6357E-01
9.5089E-01
9.3793E-01
9.2469E-01
9.1118E-01
8.9741E-01
8.8338E-01
8.6909E-01
8.5454E-01
8.3974E-01
8.2470E-01
8.0941E-01
7.9389E-01
7.7814E-01
7.6216E-01
7.4595E-01
7.2953E-01
7.1289E-01
6.9605E-01
6.7900E-01
6.6175E-01
6.4431E-01
6.2668E-01
6.0887E-01
5.9088E-01
5.7271E-01
5.5438E-01
5.3589E-01
5.1724E-01
4.9844E-01
4.7949E-01
4.6040E-01
4.4118E-01
4.2183E-01
4.0235E-01
3.8276E-01
3.6305E-01
3.4324E-01
3.2333E-01
3.0332E-01
2.8323E-01
2.6305E-01
2.4280E-01
2.2247E-01
2.0208E-01
1.8163E-01
1.6113E-01
1.4058E-01
1.1998E-01
9.9357E-02
7.8701E-02
5.8023E-02
3.7327E-02
1.6620E-02
0.0000E+00
0.0000E+00
0.0000E+00
0.0000E+00
0.0000E+00
0.0000E+00
0.0000E+00
0.0000E+00
0.0000E+00
0.0000E+00
0.0000E+00
0.0000E+00
0.0000E+00
0.0000E+00
0.0000E+00
0.0000E+00
0.0000E+00
0.0000E+00
0.0000E+00
0.0000E+00
0.0000E+00
0.0000E+00
0.0000E+00
0.0000E+00
0.0000E+00
0.0000E+00
0.0000E+00
0.0000E+00
0.0000E+00
0.0000E+00
0.0000E+00
0.0000E+00
0.0000E+00
0.0000E+00
0.0000E+00
0.0000E+00
0.0000E+00
0.0000E+00
0.0000E+00
0.0000E+00
0.0000E+00
0.0000E+00
0.0000E+00
0.0000E+00
0.0000E+00
0.0000E+00
0.0000E+00
0.0000E+00
0.0000E+00
0.0000E+00
0.0000E+00
0.0000E+00
0.0000E+00
0.0000E+00
0.0000E+00
0.0000E+00
0.0000E+00
0.0000E+00
0.0000E+00
0.0000E+00
0.0000E+00
0.0000E+00
0.0000E+00
0.0000E+00
0.0000E+00
0.0000E+00
0.0000E+00
0.0000E+00
0.0000E+00
0.0000E+00
0.0000E+00
0.0000E+00
0.0000E+00
0.0000E+00
0.0000E+00
0.0000E+00
0.0000E+00
0.0000E+00
0.0000E+00
0.0000E+00
0.0000E+00
0.0000E+00
0.0000E+00
0.0000E+00
0.0000E+00
0.0000E+00
0.0000E+00
0.0000E+00
0.0000E+00
0.0000E+00
0.0000E+00
0.0000E+00
0.0000E+00
0.0000E+00
0.0000E+00
0.0000E+00
0.0000E+00
0.0000E+00
0.0000E+00
0.0000E+00
0.0000E+00
0.0000E+00
0.0000E+00
0.0000E+00
0.0000E+00
0.0000E+00
0.0000E+00
0.0000E+00
0.0000E+00
0.0000E+00
0.0000E+00
0.0000E+00
0.0000E+00
0.0000E+00
0.0000E+00
0.0000E+00
0.0000E+00
0.0000E+00
0.0000E+00
0.0000E+00
0.0000E+00
0.0000E+00
0.0000E+00
0.0000E+00
0.0000E+00
0.0000E+00
0.0000E+00
0.0000E+00
0.0000E+00
0.0000E+00
0.0000E+00
0.0000E+00
0.0000E+00
0.0000E+00
0.0000E+00
0.0000E+00
0.0000E+00
0.0000E+00
0.0000E+00
0.0000E+00
0.0000E+00
0.0000E+00
0.0000E+00
0.0000E+00
0.0000E+00
0.0000E+00
0.0000E+00
0.0000E+00
0.0000E+00
0.0000E+00
0.0000E+00
0.0000E+00
0.0000E+00
0.0000E+00
0.0000E+00
0.0000E+00
0.0000E+00
0.0000E+00
0.0000E+00
0.0000E+00
0.0000E+00
0.0000E+00
0.0000E+00
0.0000E+00
0.0000E+00
0.0000E+00
0.0000E+00
0.0000E+00
0.0000E+00
0.0000E+00
0.0000E+00
0.0000E+00
0.0000E+00
0.0000E+00
0.0000E+00
0.0000E+00
0.0000E+00
0.0000E+00
0.0000E+00
0.0000E+00
0.0000E+00
0.0000E+00
0.0000E+00
0.0000E+00
1.1340E-02
3.2049E-02
5.2748E-02
7.3432E-02
9.4094E-02
1.1473E-01
1.3533E-01
1.5589E-01
1.7641E-01
1.9687E-01
2.1728E-01
2.3762E-01
2.5789E-01
2.7809E-01
2.9821E-01
3.1824E-01
3.3818E-01
3.5801E-01
3.7775E-01
3.9737E-01
4.1687E-01
4.3626E-01
4.5551E-01
4.7464E-01
4.9362E-01
5.1246E-01
5.3115E-01
5.4968E-01
5.6806E-01
5.8626E-01
6.0430E-01
6.2216E-01
6.3983E-01
6.5732E-01
6.7462E-01
6.9172E-01
7.0862E-01
7.2531E-01
7.4179E-01
7.5805E-01
7.7408E-01
7.8990E-01
8.0548E-01
8.2082E-01
8.3593E-01
8.5079E-01
8.6540E-01
8.7976E-01
8.9386E-01
9.0770E-01
9.2127E-01
9.3458E-01
9.4761E-01
9.6036E-01
9.7283E-01
9.8502E-01
9.9692E-01
1.0085E+00
1.0198E+00
1.0309E+00
1.0416E+00
1.0520E+00
1.0621E+00
1.0719E+00
1.0813E+00
1.0905E+00
1.0993E+00
1.1079E+00
1.1161E+00
1.1239E+00
1.1315E+00
1.1387E+00
1.1455E+00
1.1521E+00
1.1583E+00
1.1641E+00
1.1697E+00
1.1748E+00
1.1797E+00
1.1842E+00
1.1883E+00
1.1921E+00
1.1956E+00
1.1987E+00
1.2014E+00
1.2038E+00
1.2058E+00
1.2075E+00
1.2089E+00
1.2099E+00
1.2105E+00
1.2108E+00
1.2107E+00
1.2103E+00
1.2095E+00
1.2083E+00
1.2068E+00
1.2050E+00
1.2028E+00
1.2002E+00
1.1973E+00
1.1941E+00
1.1905E+00
1.1865E+00
1.1822E+00
1.1776E+00
1.1726E+00
1.1673E+00
1.1616E+00
1.1556E+00
1.1492E+00
1.1425E+00
1.1355E+00
1.1281E+00
1.1205E+00
1.1124E+00
1.1041E+00
1.0954E+00
1.0865E+00
1.0772E+00
1.0675E+00
1.0576E+00
1.0474E+00
1.0368E+00
1.0260E+00
1.0148E+00
1.0034E+00
9.9166E-01
9.7963E-01
9.6732E-01
9.5472E-01
9.4184E-01
9.2869E-01
9.1526E-01
9.0157E-01
8.8762E-01
8.7340E-01
8.5893E-01
8.4421E-01
8.2924E-01
8.1402E-01
7.9857E-01
7.8289E-01
7.6697E-01
7.5084E-01
7.3448E-01
7.1791E-01
7.0112E-01
6.8413E-01
6.6695E-01
6.4956E-01
6.3199E-01
6.1423E-01
5.9629E-01
5.7818E-01
5.5990E-01
5.4145E-01
5.2285E-01
5.0409E-01
4.8519E-01
4.6614E-01
4.4696E-01
4.2765E-01
4.0821E-01
3.8865E-01
3.6898E-01
3.4920E-01
3.2931E-01
3.0934E-01
2.8927E-01
2.6911E-01
2.4888E-01
2.2858E-01
2.0820E-01
1.8777E-01
1.6728E-01
1.4675E-01
1.2617E-01
1.0555E-01
8.4901E-02
6.4228E-02
4.3537E-02
2.2833E-02
2.1223E-03
0.0000E+00
0.0000E+00
0.0000E+00
0.0000E+00
0.0000E+00
0.0000E+00
0.0000E+00
0.0000E+00
0.0000E+00
0.0000E+00
0.0000E+00
0.0000E+00
0.0000E+00
0.0000E+00
0.0000E+00
0.0000E+00
0.0000E+00
0.0000E+00
0.0000E+00
0.0000E+00
0.0000E+00
0.0000E+00
0.0000E+00
0.0000E+00
0.0000E+00
0.0000E+00
0.0000E+00
0.0000E+00
0.0000E+00
0.0000E+00
0.0000E+00
0.0000E+00
0.0000E+00
0.0000E+00
0.0000E+00
0.0000E+00
0.0000E+00
0.0000E+00
0.0000E+00
0.0000E+00
0.0000E+00
0.0000E+00
0.0000E+00
0.0000E+00
0.0000E+00
0.0000E+00
0.0000E+00
0.0000E+00
0.0000E+00
0.0000E+00
0.0000E+00
0.0000E+00
0.0000E+00
0.0000E+00
0.0000E+00
0.0000E+00
0.0000E+00
0.0000E+00
0.0000E+00
0.0000E+00
0.0000E+00
0.0000E+00
0.0000E+00
0.0000E+00
0.0000E+00
0.0000E+00
0.0000E+00
0.0000E+00
0.0000E+00
0.0000E+00
0.0000E+00
0.0000E+00
0.0000E+00
0.0000E+00
0.0000E+00
0.0000E+00
0.0000E+00
0.0000E+00
0.0000E+00
0.0000E+00
0.0000E+00
0.0000E+00
0.0000E+00
0.0000E+00
0.0000E+00
0.0000E+00
0.0000E+00
0.0000E+00
0.0000E+00
0.0000E+00
0.0000E+00
0.0000E+00
0.0000E+00
0.0000E+00
0.0000E+00
0.0000E+00
0.0000E+00
0.0000E+00
0.0000E+00
0.0000E+00
0.0000E+00
0.0000E+00
0.0000E+00
0.0000E+00
0.0000E+00
0.0000E+00
0.0000E+00
0.0000E+00
0.0000E+00
0.0000E+00
0.0000E+00
0.0000E+00
0.0000E+00
0.0000E+00
0.0000E+00
0.0000E+00
0.0000E+00
0.0000E+00
0.0000E+00
0.0000E+00
0.0000E+00
0.0000E+00
0.0000E+00
0.0000E+00
0.0000E+00
0.0000E+00
0.0000E+00
0.0000E+00
0.0000E+00
0.0000E+00
0.0000E+00
0.0000E+00
0.0000E+00
0.0000E+00
0.0000E+00
0.0000E+00
0.0000E+00
0.0000E+00
0.0000E+00
0.0000E+00
0.0000E+00
0.0000E+00
0.0000E+00
0.0000E+00
0.0000E+00
0.0000E+00
0.0000E+00
0.0000E+00
0.0000E+00
0.0000E+00
0.0000E+00
0.0000E+00
0.0000E+00
0.0000E+00
0.0000E+00
0.0000E+00
0.0000E+00
0.0000E+00
0.0000E+00
0.0000E+00
0.0000E+00
0.0000E+00
0.0000E+00
0.0000E+00
0.0000E+00
0.0000E+00
0.0000E+00
0.0000E+00
0.0000E+00
0.0000E+00
0.0000E+00
0.0000E+00
0.0000E+00
0.0000E+00
0.0000E+00
0.0000E+00
0.0000E+00
0.0000E+00
0.0000E+00
0.0000E+00
0.0000E+00
0.0000E+00
0.0000E+00
5.1268E-03
2.5837E-02
4.6540E-02
6.7229E-02
8.7898E-02
1.0854E-01
1.2915E-01
1.4973E-01
1.7026E-01
1.9074E-01
2.1116E-01
2.3153E-01
2.5182E-01
2.7204E-01
2.9218E-01
3.1224E-01
3.3220E-01
3.5207E-01
3.7184E-01
3.9149E-01
4.1103E-01
4.3045E-01
4.4975E-01
4.6891E-01
4.8794E-01
5.0682E-01
5.2556E-01
5.4414E-01
5.6256E-01
5.8082E-01
5.9891E-01
6.1682E-01
6.3455E-01
6.5210E-01
6.6945E-01
6.8661E-01
7.0357E-01
7.2032E-01
7.3686E-01
7.5319E-01
7.6930E-01
7.8518E-01
8.0083E-01
8.1624E-01
8.3142E-01
8.4636E-01
8.6104E-01
8.7548E-01
8.8966E-01
9.0358E-01
9.1723E-01
9.3061E-01
9.4373E-01
9.5656E-01
9.6912E-01
9.8140E-01
9.9338E-01
1.0051E+00
1.0165E+00
1.0276E+00
1.0384E+00
1.0489E+00
1.0591E+00
1.0690E+00
1.0785E+00
1.0878E+00
1.0967E+00
1.1053E+00
1.1136E+00
1.1216E+00
1.1292E+00
1.1365E+00
1.1435E+00
1.1502E+00
1.1565E+00
1.1624E+00
1.1680E+00
1.1733E+00
1.1783E+00
1.1829E+00
1.1871E+00
1.1910E+00
1.1946E+00
1.1978E+00
1.2006E+00
1.2031E+00
1.2053E+00
1.2071E+00
1.2085E+00
1.2096E+00
1.2103E+00
1.2107E+00
1.2107E+00
1.2104E+00
1.2097E+00
1.2087E+00
1.2073E+00
1.2056E+00
1.2035E+00
1.2010E+00
1.1982E+00
1.1951E+00
1.1916E+00
1.1877E+00
1.1835E+00
1.1790E+00
1.1741E+00
1.1689E+00
1.1633E+00
1.1574E+00
1.1512E+00
1.1446E+00
1.1376E+00
1.1304E+00
1.1228E+00
1.1149E+00
1.1066E+00
1.0981E+00
1.0892E+00
1.0800E+00
1.0705E+00
1.0606E+00
1.0505E+00
1.0400E+00
1.0293E+00
1.0182E+00
1.0069E+00
9.9521E-01
9.8327E-01
9.8327E-01
9.8327E-01
9.1526E-01
9.0157E-01
8.8762E-01
8.7340E-01
8.5893E-01
8.4421E-01
8.2924E-01
8.1402E-01
7.9857E-01
7.8289E-01
7.6697E-01
7.5084E-01
7.3448E-01
7.1791E-01
7.0112E-01
6.8413E-01
6.6695E-01
6.4956E-01
6.3199E-01
6.1423E-01
5.9629E-01
5.7818E-01
5.5990E-01
5.4145E-01
5.2285E-01
5.0409E-01
4.8519E-01
4.6614E-01
4.4696E-01
4.2765E-01
4.0821E-01
3.8865E-01
3.6898E-01
3.4920E-01
3.2931E-01
3.0934E-01
2.8927E-01
2.6911E-01
2.4888E-01
2.2858E-01
2.0820E-01
1.8777E-01
1.6728E-01
1.4675E-01
1.2617E-01
1.0555E-01
8.4901E-02
6.4228E-02
4.3537E-02
2.2833E-02
2.1223E-03
0.0000E+00
0.0000E+00
0.0000E+00
0.0000E+00
0.0000E+00
0.0000E+00
0.0000E+00
0.0000E+00
0.0000E+00
0.0000E+00
0.0000E+00
0.0000E+00
0.0000E+00
0.0000E+00
0.0000E+00
0.0000E+00
0.0000E+00
0.0000E+00
0.0000E+00
0.0000E+00
0.0000E+00
0.0000E+00
0.0000E+00
0.0000E+00
0.0000E+00
0.0000E+00
0.0000E+00
0.0000E+00
0.0000E+00
0.0000E+00
0.0000E+00
0.0000E+00
0.0000E+00
0.0000E+00
0.0000E+00
0.0000E+00
0.0000E+00
0.0000E+00
0.0000E+00
0.0000E+00
0.0000E+00
0.0000E+00
0.0000E+00
0.0000E+00
0.0000E+00
0.0000E+00
0.0000E+00
0.0000E+00
0.0000E+00
0.0000E+00
0.0000E+00
0.0000E+00
0.0000E+00
0.0000E+00
0.0000E+00
0.0000E+00
0.0000E+00
0.0000E+00
0.0000E+00
0.0000E+00
0.0000E+00
0.0000E+00
0.0000E+00
0.0000E+00
0.0000E+00
0.0000E+00
0.0000E+00
0.0000E+00
0.0000E+00
0.0000E+00
0.0000E+00