20110101
20111231
12.8221
12.6547
12.4315
12.3757
12.4315
12.2641
12.2641
12.4315
13.1569
15.2773
16.3933
16.1143
17.0071
17.1745
17.0629
17.0071
16.4491
13.9939
13.5475
13.4917
13.7149
13.6033
13.1569
13.1011
12.7105
12.9895
12.4315
13.0453
13.0453
12.9895
12.8221
12.8221
12.6547
12.5989
12.6547
12.8221
13.0453
13.2685
13.3243
13.3801
13.6033
13.2685
13.1569
13.1569
13.6033
13.3243
13.1011
12.8221
12.9895
12.3199
12.3757
11.9293
11.3155
11.1481
10.6459
10.2553
10.2553
10.4785
10.5901
10.7575
10.3111
10.3669
10.4785
10.7017
10.8133
10.8691
10.8691
10.8133
13.0453
13.0453
13.0453
13.0453
10.7575
10.7017
10.6459
10.5901
10.4785
10.4785
10.2553
10.0879
10.0879
10.2553
10.5343
10.6459
10.9249
11.0923
11.1481
11.3155
11.2039
11.2039
11.2039
11.2039
10.8691
10.8133
10.8133
10.8133
11.0923
11.1481
11.0923
11.0923
11.0365
10.9249
11.0365
11.1481
11.2039
11.2597
11.4271
11.4271
11.7619
11.7061
11.8177
11.8735
11.8735
11.9293
12.0409
12.0967
11.1481
11.0923
11.0365
11.0923
12.2083
12.1525
11.9851
11.9851
11.8177
11.3713
11.1481
11.0365
11.0365
10.8691
10.9249
11.3155
11.9851
12.0409
12.5431
12.5989
12.2641
11.9293
11.7061
11.4271
12.2083
12.1525
12.2641
12.2083
10.6459
10.6459
10.5901
10.4785
10.3669
10.3669
10.3111
10.4785
10.5343
10.8691
11.2597
12.0967
12.5431
13.2127
12.7105
12.4315
12.2641
11.8177
11.4829
11.3713
11.1481
10.7575
10.8133
10.7575
10.3669
10.7575
10.8133
10.8691
10.7017
10.5901
10.8133
10.6459
11.9293
13.3243
14.1055
13.2685
14.2729
14.0497
14.2171
13.8823
13.7707
13.4917
13.3801
13.4917
11.3155
10.8691
10.5343
10.9807
13.6033
13.3243
13.3243
13.2127
13.2685
13.1569
12.9895
12.7105
12.7105
12.9337
12.9337
13.2127
13.2685
13.1011
12.7105
12.5989
12.5431
12.2083
11.9851
11.7619
13.3801
13.4917
13.4359
13.6033
11.2597
11.1481
11.1481
11.1481
11.1481
11.1481
11.1481
11.1481
11.4271
11.7061
11.9293
12.5431
12.5431
13.0453
13.6033
13.3243
12.7105
12.4315
12.3199
12.2641
11.5945
11.4271
11.3713
11.2597
11.8735
11.7061
11.5387
11.4271
11.3155
11.0365
10.5901
9.9205
9.8089
9.7531
9.8647
9.6973
9.8089
9.8647
9.7531
9.8089
9.8089
9.8089
9.6973
9.6415
12.2641
12.2083
12.1525
12.0409
9.3625
9.4183
9.3625
9.2509
9.1951
9.1951
9.3067
9.5299
10.0321
10.7017
11.5387
12.4873
12.4315
13.1011
12.8779
12.2641
11.9851
11.7619
11.4829
11.6503
9.6973
9.5857
9.5857
9.4741
11.7061
11.9851
11.7619
11.7619
11.8177
11.5945
11.8735
11.9851
12.1525
12.2641
12.8779
13.4359
13.6591
13.9381
14.0497
14.1613
13.6033
13.3243
12.9337
12.8221
11.7061
11.7619
11.9293
11.9293
12.2641
11.9851
11.8177
11.9293
11.9851
11.9293
11.8177
12.1525
13.3243
14.8309
16.3375
17.2303
17.7325
17.3977
17.5651
17.2303
16.9513
16.1143
15.8911
15.8911
12.6547
12.5989
12.6547
12.7663
14.2729
13.6591
13.0453
12.5431
12.3757
12.2641
12.0409
12.2083
12.2641
12.8779
14.2729
14.0497
14.6077
14.8309
15.9469
15.3889
14.8867
13.9939
13.2127
13.0453
15.5563
15.1657
15.0541
14.9425
11.5945
11.3713
11.2039
11.0365
10.8691
10.7017
10.5343
10.5343
11.2039
11.8177
13.1011
14.9425
15.1099
15.0541
14.8867
14.6077
13.9939
12.8221
11.8177
11.6503
12.5989
12.2641
11.9851
11.8177
10.5901
10.3669
10.3669
10.1995
10.2553
10.1995
9.9205
9.9205
12.1525
12.5431
13.4917
14.6635
15.1099
15.5563
15.1657
15.3889
14.6077
12.9895
12.2641
12.0409
11.5387
12.0967
11.0365
10.7017
12.6547
12.7105
12.3199
12.4873
12.4315
12.2641
12.1525
12.1525
12.5989
13.2685
13.9939
14.3287
14.6077
16.0585
15.8911
15.7795
15.4447
13.7149
13.9381
13.8265
12.2083
11.8735
11.6503
11.5387
13.2685
13.0453
12.9337
12.6547
12.7105
12.5431
12.5431
12.5989
12.7105
14.3845
15.5005
16.2817
15.6679
15.1657
15.9469
15.8911
15.4447
15.0541
14.6077
14.3845
14.4961
13.9939
13.7707
13.5475
13.6033
12.4873
12.5431
12.6547
12.7105
12.6547
12.7105
12.7105
12.8221
13.3243
14.2171
14.4403
14.6077
13.9939
13.5475
13.4917
12.7105
12.4873
12.0967
11.9293
14.3287
14.1613
13.9939
13.7149
11.4271
11.3155
11.2597
11.2039
11.0923
10.9807
10.8691
10.8691
12.2083
12.5989
13.8265
14.2171
15.2215
15.3889
15.5005
15.2215
14.4403
13.6591
13.0453
12.4873
11.7619
11.6503
11.5387
11.5387
10.5901
10.1995
10.0879
9.9205
9.5857
9.4741
9.9205
10.0321
10.5901
10.9807
11.3155
12.0967
12.2083
12.3199
12.8779
12.8221
12.4873
12.3757
12.3199
12.3199
11.9293
11.7061
11.3155
10.8691
12.4315
12.3757
12.3757
12.3199
12.3199
12.3199
12.3199
12.4315
12.6547
12.9895
13.3801
14.0497
13.6591
14.3845
14.4403
13.9939
13.8823
13.5475
13.2685
13.1011
12.4315
12.4315
12.4315
12.4315
12.4873
12.2641
12.1525
11.9851
11.8735
11.7061
11.4829
11.3713
11.4271
11.6503
11.8177
11.8177
11.8735
12.2083
12.1525
12.0409
11.9293
11.8177
11.7061
11.6503
12.9337
12.7663
12.6547
12.5989
11.6503
11.5945
11.6503
11.5387
11.4829
11.4271
11.4271
11.4271
11.5387
11.8735
12.2083
12.4873
12.7105
12.8779
13.0453
13.0453
12.7105
12.5431
12.4315
12.4873
11.6503
11.6503
11.6503
11.6503
12.4873
12.3757
12.2641
12.2083
12.2083
12.0967
12.0409
12.0409
12.1525
12.7105
13.3243
14.0497
15.3889
15.1657
15.3889
15.5005
15.0541
13.8823
13.2685
13.6033
12.5431
12.5431
12.4873
12.4873
12.8221
12.8221
12.7663
12.7105
12.6547
12.5989
12.6547
12.8221
13.7707
14.8867
16.1701
15.5005
16.4491
17.2861
16.9513
16.8397
16.4491
15.5005
15.1099
14.8309
13.1569
12.3757
11.9851
12.6547
14.3845
14.1613
13.9381
13.5475
13.2127
12.9337
12.5989
12.5989
13.4917
14.8309
14.1055
14.6077
15.1657
16.2817
16.8955
16.1143
15.2773
14.4961
13.9381
13.4917
14.9983
15.1099
14.7751
14.6635
11.5945
11.4271
11.2597
11.2597
11.0365
10.9249
10.7575
10.7017
10.8691
12.9895
12.8779
14.9425
14.8867
15.1099
15.2773
15.7795
15.1099
13.6591
12.8779
12.3757
13.1569
12.8779
12.4873
11.9293
10.7017
10.5901
10.2553
10.1995
10.1437
10.3111
10.3111
10.4785
10.9249
11.3155
12.5989
13.4359
14.1613
15.6121
15.6679
15.6679
15.2773
13.5475
12.6547
13.2685
12.1525
11.7619
11.4271
10.9807
12.2083
12.0409
11.8735
11.6503
11.4829
11.3155
11.2597
11.2597
12.3199
13.7707
14.7193
15.1099
15.6679
15.5563
15.4447
15.9469
15.2773
13.7149
12.9337
12.8221
12.7663
12.8221
12.4873
12.3757
13.2127
12.9895
13.1011
13.0453
12.8779
13.1569
12.9895
12.9895
13.5475
13.5475
15.0541
16.4491
16.1143
15.9469
16.1143
15.6121
15.2215
14.3845
14.0497
13.8265
13.4917
13.7707
13.4359
13.3801
12.9337
12.8779
12.9895
12.9337
12.8221
12.7663
12.7663
12.8221
13.8265
14.9983
15.6121
16.3933
17.1187
17.3419
17.0629
16.9513
16.3375
15.8911
15.2215
15.1099
13.7149
13.4917
12.9337
13.0453
14.8867
14.8309
14.8309
14.5519
14.4961
14.2729
14.6077
14.6635
15.3331
15.7795
18.0673
18.7369
18.3463
18.6253
19.2391
18.6811
18.0115
17.2861
17.1745
17.0071
15.0541
15.1657
14.8867
14.8867
15.2215
15.2215
15.0541
14.8309
14.8309
14.7193
14.6635
14.7193
16.4491
18.1231
19.9087
20.3551
20.6899
21.6943
21.3037
21.0247
20.7457
18.5695
17.3977
17.0629
16.4491
16.1701
15.4447
15.2215
15.9469
15.6679
15.5563
15.0541
14.5519
14.5519
14.4961
14.7751
16.4491
18.3463
18.9043
20.4109
20.4667
21.0247
20.5225
20.7457
20.2435
18.1789
17.2303
16.8955
16.7839
16.6723
16.3933
16.0585
16.1701
16.1701
15.1099
14.7193
14.4961
14.1055
14.3287
14.3287
15.5563
17.5093
18.9043
19.9645
20.2435
21.2479
21.3595
21.4711
21.2479
18.7927
17.6209
17.2303
16.7839
16.5607
16.3375
16.1143
16.6165
17.5093
16.5049
16.0585
16.0027
15.7237
16.1143
16.2817
16.6165
17.2861
18.6811
20.1877
20.4667
20.7457
21.3595
21.4711
20.8573
19.6297
19.1275
18.6253
17.0071
16.8397
16.6723
17.3977
17.3419
16.9513
16.7839
16.3933
16.3375
15.8911
15.7237
16.0027
16.8397
18.1231
17.9557
20.2435
20.9689
21.5269
21.3595
20.9689
21.0805
19.5181
18.5137
17.8999
18.2347
17.8999
17.6209
17.4535
17.8999
17.9557
17.2861
17.1187
17.0071
17.0629
16.9513
16.8397
17.2303
17.7883
17.8999
18.3463
18.7369
19.1833
21.3037
20.2993
20.2993
19.9645
19.1833
18.8485
17.5651
17.3419
17.5093
17.9557
18.2347
17.5093
17.5093
17.3419
17.0071
16.6723
16.7281
16.7839
16.9513
17.8999
19.5181
20.7457
21.9175
22.1965
22.9777
21.5827
20.8573
20.2435
19.4623
19.3507
18.7927
18.4021
18.6253
18.2347
16.8955
16.2817
15.9469
15.7237
15.2773
15.0541
14.6635
14.4961
14.3287
14.3845
14.5519
15.3889
15.3331
15.6679
15.2215
14.8867
14.7193
14.3845
14.1055
13.8265
18.7369
18.6811
18.0115
17.5093
12.6547
12.5989
12.4873
12.4315
12.4315
12.2641
11.6503
11.9851
12.2641
12.7663
13.0453
13.8823
13.4917
13.4359
13.4359
14.3845
13.7149
13.5475
13.4917
13.4917
13.6033
13.4359
13.0453
12.8221
12.4873
12.5431
12.3757
12.2641
12.2083
12.2641
12.3199
12.2641
12.2641
12.2083
12.1525
12.2641
12.2641
12.3757
12.4315
12.5989
12.4315
12.4315
12.4315
12.0967
13.4917
12.6547
12.4315
12.3757
11.1481
11.0923
11.1481
10.9807
10.9249
10.9249
11.0365
11.0365
11.1481
11.5945
13.0453
13.3243
13.3801
14.3845
15.3889
15.2773
14.2729
14.0497
13.8823
13.8823
12.0409
11.9851
11.7619
11.2597
11.9293
11.0923
11.1481
11.0923
11.0365
10.9807
10.6459
10.7017
10.4785
10.4785
10.4227
10.6459
10.8133
10.8133
10.8691
10.8133
10.7017
10.7017
10.7575
10.7017
13.8265
13.7707
13.6033
13.0453
10.8691
10.8133
10.8133
10.8691
10.9249
10.9807
11.0365
11.0923
11.2039
11.4829
11.4271
11.6503
11.8735
11.7619
11.8735
11.9293
11.9293
11.9851
12.0409
12.0967
10.7017
10.7575
10.7017
10.8133
12.1525
12.2083
12.2083
12.2641
12.3757
12.4315
12.4873
12.5431
12.7105
12.9337
13.1569
13.4359
13.7149
13.9939
13.8265
13.7149
13.6033
13.5475
13.4917
13.4359
12.1525
12.1525
12.1525
12.1525
13.0453
12.9337
12.9895
12.9895
12.9895
12.9895
12.8779
12.9895
13.1011
13.1011
13.1569
13.2127
13.0453
12.4315
12.5431
12.5431
12.5431
12.4873
12.4315
12.3199
13.3801
13.3243
13.1569
13.1569
12.3199
12.2083
12.2083
12.2083
12.2083
12.1525
12.0967
12.1525
12.2083
12.3757
12.3757
12.5989
12.6547
12.7105
12.7663
13.0453
13.1011
12.9895
12.9337
12.9895
12.3199
12.3199
12.3757
12.3199
13.0453
13.1011
13.0453
13.0453
13.0453
13.0453
12.9895
12.9895
13.3801
14.3287
14.8867
15.3889
16.2817
16.5607
16.6723
16.4491
15.8911
15.3889
14.9983
14.8867
13.0453
13.0453
13.1011
13.1011
14.4961
14.7193
14.4961
13.9939
14.1613
14.2729
14.3287
14.2729
14.7751
15.0541
15.5005
15.9469
16.2817
16.3933
16.9513
16.2259
15.9469
15.4447
15.1099
15.1099
15.1099
14.9425
14.7193
14.7193
14.9983
15.0541
14.7751
14.6635
14.5519
14.3845
14.7193
14.8309
14.6077
14.7751
14.8867
14.8867
15.0541
15.1657
15.7795
15.5563
15.5005
15.4447
15.1657
15.3331
15.1099
14.9983
15.1099
15.1657
15.2215
15.2773
15.2773
15.2773
15.2773
15.1657
15.2773
15.1657
15.6679
16.3933
17.1745
17.8441
17.8999
18.5695
18.6811
18.6253
18.0673
17.6209
16.9513
17.0071
15.3331
15.2215
15.1657
15.2773
16.2817
16.1701
16.2259
16.1143
16.0585
16.1701
15.9469
16.1701
17.1745
17.8999
19.1833
20.5783
23.8147
22.7545
22.8661
22.3081
20.4667
19.7413
19.1275
18.7927
16.5049
16.5607
16.3933
16.3375
18.7369
18.3463
18.2347
17.8999
17.2861
16.7839
16.6723
16.8955
17.9557
19.4623
19.2391
21.4153
21.6385
22.7545
22.1965
21.8059
21.5269
20.7457
20.0203
19.2949
18.7369
18.8485
19.0717
18.9043
18.3463
18.1789
17.8441
17.5651
17.4535
17.3977
17.3977
17.3419
17.4535
18.0115
18.2905
19.0717
20.2435
21.2479
21.0805
20.7457
20.6341
19.5181
18.8485
18.5137
19.4623
19.3507
18.9601
18.8485
18.1231
17.8441
17.6209
17.5093
17.4535
17.2861
17.2303
17.3977
17.7883
18.6253
19.6297
20.9131
20.9131
21.4711
21.8617
22.2523
21.0247
20.6341
19.2391
18.5695
18.0115
17.6767
17.7883
18.3463
18.1789
17.7325
17.7325
17.1745
16.8955
16.6723
16.7281
17.2303
18.1789
20.5783
20.3551
20.9131
23.4241
22.5871
22.3081
21.6385
22.2523
20.8015
19.2391
18.6811
18.5137
18.4021
18.6253
18.3463
17.6767
18.0115
17.2861
16.9513
16.8955
16.6723
16.7839
17.3419
18.9043
20.3551
20.8573
21.2479
21.4711
22.1965
20.4667
20.0761
19.6297
18.2347
17.2861
16.2817
18.4021
18.5137
18.4579
18.0673
14.9425
14.7193
14.6635
14.4961
14.4403
14.3845
14.2171
14.2171
14.6077
14.9425
14.7751
15.8911
16.8397
17.7883
18.0673
18.0673
17.6767
16.8397
15.6679
15.4447
15.8911
15.5005
15.2215
15.0541
16.0027
16.1701
16.4491
16.3933
16.3933
16.3375
16.0585
16.1701
16.5049
18.4579
18.0673
19.6297
19.1833
19.1275
18.9043
17.5651
17.1187
16.3933
15.6679
15.2215
15.3889
15.3331
15.4447
15.8911
14.0497
13.8265
13.6591
13.6033
13.5475
13.4359
13.4359
13.5475
13.8265
14.7751
14.9425
15.8353
16.0585
17.2303
17.3419
16.3933
16.0027
15.8911
15.3889
15.1657
14.8867
14.5519
14.3845
14.2729
14.9983
14.9425
15.0541
14.8309
14.8867
14.9983
14.9425
14.8867
15.9469
16.8955
18.9601
18.3463
19.6855
19.9087
19.8529
19.5181
18.6253
18.0673
17.8999
17.6209
15.2215
15.1657
15.1099
15.1099
16.8397
16.6723
16.6723
16.3933
16.5049
16.6165
16.7281
16.7839
17.5093
18.4021
19.6297
20.0761
19.5739
19.2391
19.2391
18.9043
18.9043
18.7369
18.0673
18.0115
17.4535
17.0629
17.0071
16.7839
17.6767
17.0071
16.3933
15.8911
15.6679
15.3889
15.2215
15.0541
15.2773
15.5563
15.8353
16.5049
16.9513
17.6767
17.2861
16.9513
16.3933
15.8353
15.5005
15.3889
17.8999
17.9557
18.1789
17.9557
14.4961
14.4403
14.3287
14.0497
13.2127
12.8221
12.8779
13.3801
13.9381
14.1613
14.4961
14.0497
13.4359
13.7149
13.5475
13.2127
14.1613
13.8823
13.5475
13.6033
15.1657
14.9425
14.8309
14.6077
14.8309
13.8265
13.4359
13.3801
13.4359
13.4359
13.4359
13.4917
13.7149
13.8823
13.8823
13.6591
13.8823
13.9939
14.1613
14.1055
14.1055
13.9939
14.0497
13.9939
13.6033
13.6033
13.7149
13.9939
14.0497
13.9939
13.9939
13.9381
13.9381
13.9381
13.9381
13.9939
14.3287
14.7751
15.1099
15.3331
15.5563
15.3889
15.8353
15.4447
15.2215
15.1099
15.0541
14.8309
14.0497
14.0497
14.1055
14.0497
13.9381
13.9381
13.8265
13.8823
13.8823
13.9939
13.9381
14.0497
14.6635
14.9425
14.9425
15.2773
15.3331
15.8353
15.6121
15.6679
15.5005
15.2773
15.1657
15.0541
14.7193
14.7193
14.4961
13.9939
14.6635
14.6077
14.5519
14.4961
14.4403
14.3287
14.2729
14.3845
14.6077
15.1657
15.8353
15.6121
15.8353
16.3375
16.5049
16.3375
16.2259
15.8911
15.7237
15.7795
14.9425
14.8309
14.7193
14.7193
15.5563
15.5563
15.6679
15.5563
15.6121
15.6121
15.7237
15.8353
16.4491
17.7883
18.1231
20.5783
19.8529
21.9175
22.7545
20.1877
20.2993
19.9087
18.5137
18.5695
15.7795
15.6679
15.6679
15.5563
18.0115
17.9557
16.7839
17.0629
16.8955
16.8955
16.9513
17.7325
19.2949
20.3551
21.2479
21.3595
22.0291
22.5871
22.9219
22.2523
21.8617
20.4109
19.4623
19.0717
18.9043
19.0159
18.7927
18.4021
18.4579
18.3463
18.3463
18.1789
18.0115
18.5695
19.0159
19.0159
19.6297
19.5739
18.0115
16.9513
15.7795
14.8867
13.7707
13.0453
12.9895
12.8221
12.3757
12.5431
18.9043
18.9601
18.6811
18.5695
13.0453
13.1011
12.9895
12.8779
12.8221
12.7663
12.8221
13.0453
13.1011
13.2127
13.4359
13.6033
15.3331
15.2215
15.0541
14.8867
15.0541
14.6077
14.2729
14.2729
12.7105
12.8779
13.1569
13.1011
14.0497
13.9939
13.9381
13.9381
13.8265
13.7707
13.8265
13.9381
13.9939
14.3287
14.7751
15.1099
15.2773
15.3331
15.5005
15.1657
15.1657
14.9425
14.9425
14.4403
14.1055
14.1055
14.1613
14.0497
13.5475
13.0453
12.7105
12.8221
12.8779
12.7663
12.6547
12.5431
12.6547
12.7105
12.9337
13.1569
12.9895
13.2685
13.3243
13.4359
13.1569
13.1569
13.1011
13.1569
14.4403
14.3845
14.7193
14.4961
13.6033
13.6591
13.8265
13.8265
13.7707
13.8265
13.8823
13.9939
14.4403
14.7751
14.8309
15.5005
15.8911
15.8353
16.2817
16.4491
16.0027
15.7795
15.6121
15.6121
13.2127
13.3243
13.4359
13.4917
15.6121
15.6121
15.6679
15.7237
15.7795
15.7795
15.7795
15.8911
16.4491
17.0629
18.5137
20.0761
19.2949
18.7369
18.5695
18.6811
18.3463
18.0673
17.8999
17.9557
15.6121
15.6679
15.5563
15.5563
18.0115
17.8441
18.0115
17.8999
17.7883
18.0115
18.1231
18.2905
18.6811
19.1275
19.2391
21.4711
21.5269
21.0247
22.5871
21.5827
22.1407
21.3595
21.2479
20.8015
17.8999
18.1231
18.1231
18.0115
19.4623
17.7325
16.6165
15.9469
15.5563
15.2773
15.2773
15.2773
15.0541
15.2773
15.1657
15.1657
15.3331
15.7795
15.8911
15.8353
15.3889
14.9983
14.6077
14.6077
20.6341
20.4109
20.0203
19.7413
14.2171
14.1055
13.9381
13.8823
13.7707
13.8265
13.7149
13.9939
14.7193
14.8309
15.7237
16.0585
16.6723
16.7839
16.7839
16.2259
15.8353
15.4447
14.8867
14.9983
14.6077
14.6077
14.4961
14.3287
14.8309
14.6635
14.4961
14.3287
14.2171
14.0497
13.9939
14.0497
14.2729
14.4403
14.6635
15.2773
15.4447
15.4447
14.8867
14.9983
14.7751
14.5519
14.4403
14.3287
14.9983
15.1099
15.1099
14.9983
14.1613
14.1055
14.1055
14.1055
14.1055
14.1055
14.1613
14.3845
14.9983
15.2215
16.3933
18.2347
17.8441
18.1231
17.5651
17.8441
17.5093
16.7281
16.4491
16.2259
14.2171
14.1613
14.1613
14.1055
15.6679
15.5005
15.3889
15.3889
15.3889
15.2773
15.1657
15.1657
15.3889
15.6121
17.1745
17.3977
17.4535
17.2861
17.2861
16.7281
16.1143
15.7237
15.3331
14.9983
16.1143
16.1143
16.0585
15.7795
14.2729
14.1613
13.5475
13.2127
12.7663
12.6547
12.5431
12.8779
13.1011
13.6033
14.3287
14.2171
15.3889
14.8309
15.3889
14.8309
15.0541
14.7751
14.4961
14.3845
14.8309
14.7193
14.6077
14.4961
14.3845
14.0497
13.7707
13.9939
14.2171
14.3287
14.3845
14.9425
16.5607
17.7883
19.0717
19.3507
19.5181
19.6855
19.8529
20.1877
19.8529
18.2905
17.1187
16.5607
14.2171
14.1613
14.3287
14.3287
16.1143
16.1701
16.7281
16.1143
15.8353
15.5005
16.0027
16.2259
16.7839
17.3419
18.7927
19.6855
20.4667
20.3551
20.6341
20.4667
20.2435
18.3463
17.6767
17.1745
16.6723
16.6165
16.2259
16.3933
16.8955
17.0629
16.8397
16.3375
16.2259
16.2817
16.1143
16.2817
16.6165
17.2861
18.2347
18.6253
19.6297
18.7369
18.5137
18.3463
17.6209
17.2861
16.5607
16.1143
17.2303
16.9513
16.8397
16.8955
15.7795
15.7795
15.7237
15.8353
15.5563
15.5005
15.2215
15.7795
18.1789
19.4623
19.2391
20.3551
21.5269
21.3595
21.4153
21.0805
20.6899
19.4623
18.6253
18.1789
16.0585
15.8911
16.1701
16.1701
17.8999
17.8441
17.0629
16.8397
16.7281
15.9469
16.3375
16.9513
18.5137
20.4109
21.6943
21.9175
22.6429
23.4241
21.8617
22.6987
22.3639
20.2993
19.1275
18.8485
17.8999
18.0115
17.8441
18.3463
18.1789
17.9557
17.6767
17.3977
17.0071
16.6723
16.7281
17.6209
19.6297
21.1363
22.6429
23.6473
24.1495
24.8749
25.9351
24.8749
23.0893
21.5269
20.1319
19.5181
18.6253
18.2347
18.6811
18.1231
19.3507
18.9601
18.8485
18.1789
18.0673
18.3463
18.1231
18.7369
19.5181
20.1877
21.1363
21.5269
22.0849
23.0893
22.8661
21.9733
21.7501
21.1921
20.6341
20.0761
19.6297
19.9645
19.5181
19.6297
17.7325
17.4535
17.0071
16.5607
16.2817
16.0585
15.9469
15.7237
15.5005
15.3331
15.8911
15.7795
16.1701
16.3933
16.2817
16.2817
16.0585
15.7237
15.5005
15.5563
15.5005
15.5005
15.5005
15.5005
15.5005
15.5005
15.3889
15.3331
15.3889
15.3889
15.3331
15.4447
15.7795
16.3933
18.1789
18.0673
19.1275
19.0159
18.5695
18.3463
17.9557
17.5651
17.2303
17.1745
15.6679
15.6121
15.6121
15.5563
16.9513
17.2303
16.8955
17.0071
17.0071
16.9513
16.2817
16.6723
17.1745
17.7883
18.4021
18.6811
19.6855
20.0203
20.7457
20.6341
20.1319
19.3507
18.3463
18.0115
17.0629
17.0071
17.0071
16.8955
17.5651
17.8441
17.3419
17.3419
17.4535
17.3419
17.5093
18.0115
18.7927
19.4065
21.5269
21.9175
22.8661
22.5871
22.7545
22.3639
21.6943
21.0247
20.3551
20.0761
17.7325
17.6209
17.6209
17.5651
19.6297
19.4623
19.0159
18.9043
18.6811
18.6253
18.9043
19.4065
19.6297
20.2435
22.1965
22.2523
21.8059
21.3037
21.4711
22.1407
21.5269
20.8573
20.6341
20.4109
20.0761
19.9087
19.9087
19.2949
18.8485
18.5137
18.5137
18.5137
18.5695
18.4021
18.3463
18.5695
19.1275
20.2993
22.0849
22.8103
23.5915
23.8705
24.7075
24.4285
23.5915
22.3081
20.5225
20.0203
20.1877
20.6341
19.9645
19.2391
19.0159
19.3507
18.9601
18.5695
18.1231
18.0673
18.4579
19.4623
21.2479
23.2567
22.6429
24.0379
24.5401
23.5357
24.5959
25.6561
24.2053
22.6429
20.7457
20.2435
19.7971
19.6297
20.1319
19.3507
19.0717
19.1275
18.9043
18.8485
18.6811
18.5137
18.4579
19.7971
21.6943
23.3683
24.8749
24.7633
25.3771
26.1583
25.5445
25.3771
24.9865
22.9777
21.6385
21.0805
20.1319
19.9087
19.5739
19.5739
20.6341
19.9087
19.5739
19.7971
19.7413
19.8529
19.5739
19.0717
18.5695
18.9601
22.0849
21.0805
22.4197
21.8617
21.5827
22.1965
20.9689
20.4109
20.1877
19.9645
20.8015
20.8015
20.8573
20.6899
19.3507
19.1275
19.0717
19.0717
18.9043
18.9043
18.9043
19.7971
20.5225
20.8573
22.1965
23.7589
22.6987
23.2009
23.7589
24.3169
24.5401
22.7545
21.0247
20.0761
19.9087
19.7971
19.9087
19.6855
19.1833
19.4065
18.8485
18.7927
18.5137
17.8441
18.0673
19.7413
21.3037
23.3683
23.9821
25.4329
25.4329
25.8793
25.2655
25.4329
24.5401
23.1451
21.9175
21.1363
19.7971
20.6341
19.9087
19.7413
19.5181
19.3507
19.2391
19.1275
18.6811
18.2347
18.7369
19.9087
20.1319
22.6429
22.8661
23.7031
24.1495
25.2097
25.4329
23.5357
23.2009
22.4755
22.0291
21.4153
21.0805
20.6899
20.1877
19.6855
20.7457
20.5783
20.4109
20.2435
20.1319
20.1877
20.2435
20.8015
21.0247
22.3639
21.8059
23.5915
23.1451
24.4843
24.3169
24.5959
23.3125
22.7545
21.9733
21.5827
21.3037
21.2479
21.1921
20.9131
21.0805
20.8573
20.6899
20.5225
20.4667
20.2993
20.7457
21.6385
22.3081
22.8661
23.3125
23.1451
22.8661
23.5357
24.5959
23.9821
22.9777
21.6385
19.8529
19.9087
21.4153
21.4711
21.1363
21.1363
18.9043
18.7369
18.7927
18.6253
18.7369
18.6253
18.6811
18.9601
20.1319
21.6385
21.5827
23.1451
22.8661
23.5357
24.5959
23.9821
22.9777
21.6385
20.2993
20.1319
19.6297
19.4065
19.2949
19.1833
18.7927
18.6811
18.2347
18.1789
18.2905
18.0673
18.0115
19.5181
20.9131
22.8661
23.8147
24.2611
25.1539
24.9865
25.0981
24.9865
24.3727
22.0849
20.9131
20.3551
19.8529
19.5181
19.2949
19.1833
18.8485
18.4579
18.0115
17.3419
17.3977
17.2303
17.3977
19.3507
20.4667
21.2479
22.0291
22.4755
23.0335
23.8705
23.3125
23.5915
22.4755
21.3595
20.6899
20.3551
19.7413
20.3551
19.9645
19.5181
18.5695
18.6253
18.2905
18.1789
18.2347
18.5695
18.8485
19.8529
20.6899
21.0805
20.6899
21.3595
22.1965
22.7545
22.5871
22.5313
21.9175
21.4711
21.0805
21.0805
20.0761
19.5739
19.1275
18.6811
19.6855
19.4065
19.1833
19.3507
19.2949
19.1833
19.2949
20.5225
21.0247
22.5871
21.8617
23.0893
23.0893
21.6385
19.6297
19.5739
19.3507
19.4623
19.2949
18.7927
20.6899
20.2993
20.0203
19.8529
18.9043
18.8485
18.7927
18.6253
18.2905
18.4021
18.5137
18.9043
19.2391
19.7413
20.0761
22.1965
23.3683
24.3169
23.9821
23.5357
23.1451
21.3037
19.7971
19.1833
18.6253
18.7927
18.9043
18.9043
18.0115
17.5651
17.3977
17.2303
17.3419
17.3419
17.6209
18.5137
20.7457
21.7501
22.9219
23.8147
24.4843
24.2053
23.8147
24.1495
23.2567
21.6943
20.7457
20.4667
19.7971
19.2949
18.8485
18.2905
19.6297
19.3507
19.2391
18.5137
18.4579
18.4021
18.4021
20.1877
22.0291
22.9219
23.9263
24.4843
24.8191
26.5489
26.1583
25.0423
24.1495
23.1451
22.0849
21.2479
20.5783
20.2435
20.3551
20.0203
19.7413
19.4065
18.9043
18.5137
18.7369
18.7927
18.5137
19.8529
21.4153
22.9219
23.8147
23.7589
24.7633
24.3727
26.5489
24.8191
24.8191
23.6473
21.8617
21.1363
21.1921
20.5225
20.4109
20.2993
20.8573
20.4109
20.2435
20.1319
20.0761
19.5739
19.8529
21.0247
23.0893
24.4843
25.1539
25.9351
26.8837
26.9395
27.5533
27.6091
26.3257
24.8749
22.7545
22.1407
21.5269
21.3595
21.1921
21.0805
21.7501
21.4711
21.5269
21.0247
20.9131
20.5783
20.5783
21.4153
23.1451
23.8147
24.7633
24.4843
24.8191
25.4887
25.0423
24.8191
24.0937
23.3683
22.8661
22.4197
22.1407
21.8059
22.0291
22.1965
20.9131
20.1319
19.7413
19.3507
19.4065
19.0717
19.0717
18.6811
18.4579
18.8485
18.5695
19.0159
19.1833
19.2949
19.6855
19.6297
19.5739
19.4065
19.5181
19.5181
21.8059
21.8617
21.7501
21.4153
19.5181
19.7413
19.7413
19.7413
19.9645
20.0761
20.1877
20.3551
21.0805
21.9733
22.4755
21.8617
22.2523
22.3081
22.1965
22.4197
22.3081
22.6429
21.4711
21.2479
19.5739
19.5181
19.4065
19.4065
21.3037
21.2479
20.9689
21.0247
20.8015
20.7457
20.9131
21.1921
21.7501
22.1965
22.5313
22.0849
23.2009
23.4241
23.2567
23.4241
22.1965
22.0291
21.7501
21.8617
21.3037
21.6385
21.4153
21.2479
21.5827
21.5269
21.3595
21.3037
21.1921
21.2479
21.4153
22.2523
22.2523
22.9219
24.0937
23.9263
24.0937
24.7633
23.3683
22.3639
21.8059
21.1363
20.9689
20.6341
22.0291
22.0291
21.7501
21.7501
21.0805
21.0805
21.2479
21.2479
21.1921
21.2479
21.3037
21.9733
22.1965
23.7031
23.7031
19.9645
18.9601
18.9601
18.4021
18.2347
18.3463
18.2905
18.0115
17.9557
19.5181
21.0805
21.1921
21.2479
17.4535
17.5093
17.5651
17.4535
17.3977
17.2861
17.0071
17.3419
17.5093
18.0673
18.1789
18.2347
18.5137
19.1275
18.9043
18.9043
18.2347
17.8441
17.7883
17.7883
17.6767
17.6767
17.6767
17.5651
17.7325
17.6767
17.8441
17.7883
17.7325
17.5651
17.8441
18.0673
18.6253
18.5137
18.6811
18.5695
18.5695
18.6253
18.6253
18.2347
18.2347
18.1231
18.1231
18.1789
17.7883
17.6767
17.6767
17.6767
18.4579
18.4579
18.4021
18.4579
18.5137
18.6253
18.6811
18.9043
19.2391
19.4065
19.5181
19.6855
20.9689
21.9733
22.9219
21.5827
20.7457
21.2479
20.9131
20.6899
18.2347
18.2905
18.2905
18.3463
20.5225
20.7457
20.8573
20.9131
20.7457
20.5783
20.8015
21.3037
21.5269
21.6943
22.5871
22.0291
23.7031
23.4799
23.9263
20.6341
20.0761
20.5783
20.5783
20.5783
21.0805
20.7457
20.6899
20.5225
20.5225
20.7457
20.8573
20.9131
20.7457
20.5783
20.8015
21.3037
21.5269
21.6943
22.5871
22.0291
23.7031
23.4799
23.9263
20.6341
20.0761
20.5783
20.5783
20.5783
21.0805
20.7457
20.6899
20.5225
20.6341
20.9131
21.1921
21.1921
21.1921
21.1921
21.7501
21.7501
22.3081
22.8661
23.4241
23.9821
24.6517
25.2097
25.3213
25.9351
26.2141
25.6003
23.9263
24.3727
23.7031
23.4241
23.1451
22.9777
22.9777
22.7545
22.7545
22.6429
22.8103
22.6987
22.8661
24.0937
24.8191
25.7677
26.3257
25.8235
27.1627
26.9953
26.9953
26.2141
24.0937
22.4197
22.0849
23.0335
24.1495
23.7589
23.3125
22.9777
23.4241
23.3683
23.0335
22.8661
22.9777
23.0893
23.7589
24.5959
25.3213
25.8235
27.6649
27.9439
27.7765
27.6649
27.4975
24.9865
25.1539
25.1539
23.8147
24.0379
23.2009
23.6473
23.7031
23.5915
23.7031
23.6473
23.8705
23.8705
23.7589
23.8147
24.1495
24.0379
24.6517
25.7677
26.8837
27.3301
27.8323
27.2743
27.3859
25.7677
21.9733
20.9131
21.7501
21.3595
23.2567
24.0937
23.9263
24.0379
22.3639
21.8617
21.7501
21.8059
21.7501
21.4711
21.2479
20.9689
21.0805
21.7501
21.9175
21.4711
22.0849
21.5827
21.0247
20.6341
20.4667
20.5225
20.6899
20.5225
21.4711
21.5269
21.5827
22.0849
20.5225
20.1877
19.8529
19.9087
20.1877
20.5783
20.5783
20.3551
20.6341
20.4667
20.6899
21.6385
21.1921
21.6385
21.6385
20.6899
20.6341
20.8573
20.5783
20.5783
20.5225
20.3551
20.5225
20.6341
20.5225
20.6341
20.5783
21.0805
20.4667
20.5225
20.8573
21.1921
21.2479
21.4711
21.8059
22.1407
22.1407
22.4755
22.3081
23.3125
23.3125
22.3639
22.5871
21.9175
20.5783
20.4667
20.4109
20.2993
22.1407
21.9175
22.4755
22.0291
22.1965
21.9175
23.2009
23.0335
23.7031
24.4285
23.4241
23.3125
24.4285
24.0379
22.9219
22.9219
22.4755
22.1407
20.8573
20.8015
21.7501
21.7501
21.9175
22.0291
20.6341
20.8573
20.6341
20.5783
19.8529
19.7971
20.6341
21.6385
23.0335
23.4241
23.4241
23.9821
24.8191
25.1539
25.0423
24.5401
24.0379
23.9263
21.3037
20.6899
20.9689
20.8573
21.1363
20.8573
21.1363
20.4109
20.2435
20.0761
19.6855
19.5181
20.4109
21.8059
24.3727
24.2053
24.7633
24.9865
24.7633
25.6561
26.3257
26.1583
25.4887
24.1495
21.9175
21.3595
20.5225
20.4109
20.4109
20.7457
20.3551
19.6855
19.3507
19.6297
19.4065
19.1275
20.0761
22.2523
23.0893
24.3727
25.4329
26.1583
25.8793
26.2141
26.1583
26.1583
26.1583
24.3727
22.8103
22.4755
21.3595
20.8573
20.2993
20.0203
21.7501
21.5827
21.5269
22.4197
21.8059
21.8059
21.6385
22.8103
23.5915
24.5401
25.6561
26.7721
28.0555
28.1113
27.5533
26.9395
28.3345
25.7677
24.3727
23.6473
21.8059
22.1407
22.3081
21.8617
23.7589
23.3683
23.3683
23.2009
23.0335
23.0893
23.3125
22.3081
24.0379
24.7075
25.9909
25.0981
25.4329
24.7075
25.6003
26.1025
25.9351
22.3639
22.6987
21.4153
23.2567
23.8147
23.5915
23.4241
21.3595
21.4711
21.4711
21.5827
21.5269
21.8059
22.2523
22.9777
23.3683
24.1495
24.2611
26.2141
26.2699
26.0467
26.6605
21.0247
19.7971
20.1319
20.1319
20.4667
21.3595
21.3037
21.5827
21.9175
21.5827
19.5739
19.2391
18.9601
19.0159
18.7369
19.0159
19.9087
19.3507
20.5783
20.6899
22.0291
22.2523
22.0291
22.3639
22.5871
20.9131
21.4711
20.2435
20.4667
20.4667
21.4711
21.9733
22.0849
19.0717
18.7927
18.6253
18.4021
18.2905
18.2347
18.4579
19.5181
19.4623
21.1363
21.6385
21.8059
21.3595
22.8103
23.5357
23.8147
22.6429
21.2479
19.7413
19.1275
20.3551
20.1877
19.8529
19.9645
19.0717
18.9043
19.0159
18.9601
18.7927
18.6253
18.7369
20.0761
20.9689
21.9733
22.6987
23.7031
23.0335
21.9175
22.2523
21.6943
21.1921
21.0805
20.8015
20.3551
19.3507
18.9043
18.5137
18.6253
19.2391
19.3507
18.9601
18.2347
18.6253
18.8485
19.1833
20.1877
20.5783
22.3639
23.0893
23.7031
23.7589
23.5915
24.3727
23.8147
23.0893
22.6987
20.9689
20.6341
20.2435
19.6855
19.4065
18.5695
20.8015
20.4667
20.4667
20.5225
20.0761
19.8529
20.4667
20.6899
21.4153
22.4197
24.1495
24.7633
24.5959
25.6561
24.3727
23.9821
23.3683
22.4197
21.9175
20.8573
21.2479
21.4711
21.0805
20.9131
19.6855
19.9645
19.5181
19.5739
19.5739
19.5181
19.8529
21.5827
22.6987
23.5915
25.2097
25.3213
25.7119
25.8793
26.3815
26.3257
26.0467
23.8705
22.2523
21.5827
20.5225
20.8015
20.2435
19.7971
20.4109
20.4667
20.4667
20.1319
20.2435
20.1319
20.4667
21.9175
23.1451
24.3727
25.6561
25.8235
26.1583
26.4931
25.8235
26.5489
25.3213
24.1495
22.3639
21.8617
21.5827
21.1921
21.3037
20.9689
21.3037
21.3037
21.1363
20.9131
20.9689
20.9131
21.0247
22.1407
23.5357
24.2053
24.8191
25.8793
26.1583
25.0981
25.2097
25.6561
24.7633
23.8705
22.4755
21.9175
21.6385
21.3595
21.6385
21.4711
20.5783
20.3551
19.9645
19.1833
19.2949
19.1275
19.8529
21.6943
23.3125
23.5357
25.3213
25.0981
26.1025
26.2699
26.5489
25.5445
24.8191
23.8147
23.0335
22.2523
21.4153
21.6943
21.3595
21.0247
21.0247
20.8573
20.5783
20.3551
20.2435
20.0761
20.5225
22.1965
23.6473
24.4285
25.5445
25.9351
26.8279
26.9395
25.9909
24.8749
24.6517
24.3169
23.7589
23.0893
22.3081
22.0291
21.8617
21.4153
22.1407
21.8059
21.6385
21.4153
21.4711
21.5269
21.8059
22.6429
23.1451
24.4843
25.0981
25.1539
26.1583
26.9395
26.1583
26.6605
21.4153
21.8059
21.3595
21.4153
22.9777
22.8103
21.8617
21.9733
21.1921
21.1363
21.2479
21.1921
21.0805
21.0805
21.4153
22.2523
23.3683
24.9307
24.8191
25.7119
26.8837
27.2185
26.7721
26.9395
25.9351
25.0423
24.0379
23.4799
21.5269
21.4711
21.4711
21.2479
22.3081
22.2523
22.1407
22.1965
22.1965
22.1407
22.2523
22.3639
23.0335
23.7589
24.7633
25.9351
24.3727
26.6605
25.2655
24.9865
24.9865
24.4843
23.8705
23.5357
23.2009
22.9219
22.5313
22.4755
22.4197
22.2523
22.2523
22.1965
22.2523
22.1965
22.7545
23.0893
23.7589
24.5959
24.8749
26.8279
25.6003
22.8103
26.2141
21.7501
21.9175
22.1407
22.5871
21.9175
23.1451
22.7545
22.5871
22.4197
22.0291
22.0291
21.9733
21.8617
21.8617
21.7501
22.1407
23.3125
24.5959
24.5959
26.0467
26.7163
27.2743
27.4975
27.2743
27.1069
26.3815
24.3169
23.8147
23.4799
21.4153
21.4153
21.9733
21.7501
22.1965
22.0849
21.9175
21.6943
21.8617
21.7501
22.2523
22.5313
23.9821
25.2097
25.9351
26.9395
25.5445
25.6003
22.5313
21.9733
21.7501
21.5269
21.4153
21.1363
23.4241
22.9777
22.5871
22.4197
20.9689
21.5827
21.5269
21.1921
21.0805
20.9689
22.0291
22.3639
23.1451
23.8705
26.4931
26.4373
26.5489
27.9997
26.3815
23.8147
21.5827
21.4711
21.5269
21.6385
21.0805
20.8015
20.8573
20.7457
21.9175
21.9175
22.0291
22.0291
21.9733
22.0849
22.4197
22.8661
23.4241
24.0379
25.8793
26.1583
27.3301
28.5019
27.7207
26.9953
26.2699
25.2655
23.8147
21.9733
21.5269
21.5269
21.8617
21.8059
22.4197
22.0291
22.1407
22.1965
22.1407
22.0849
22.8661
24.1495
24.5401
25.2655
26.6605
26.3815
26.9953
27.8323
26.1583
26.3815
24.9865
24.3169
23.5915
23.2567
21.9175
22.3639
22.3081
22.4197
22.4197
22.5313
21.6385
21.9175
21.9175
22.1407
22.1965
22.2523
22.9219
23.7031
24.7075
24.4285
23.7589
24.2053
25.1539
23.5915
21.3037
21.2479
21.1363
21.2479
22.9777
23.2567
21.4711
22.7545
21.0805
21.0247
21.0805
21.0805
20.9689
21.1363
21.1363
20.9131
21.0247
21.1363
21.4153
22.0291
22.0291
22.3639
22.8103
22.7545
21.4153
21.3595
21.2479
21.3037
21.1363
20.9131
20.9689
21.0247
20.9131
20.9689
21.1363
21.0247
21.0247
21.2479
21.2479
21.8617
23.2567
24.2053
25.6003
24.1495
26.7163
27.4417
21.4711
20.9131
21.3037
21.6385
21.6385
21.3037
21.1363
21.0805
20.8573
20.6899
21.8617
21.8617
21.9175
21.8617
21.9175
21.9733
22.2523
24.0379
24.2611
24.5959
25.7677
26.7163
27.8323
23.1451
25.4887
27.2185
26.1025
24.4285
23.8147
23.2567
21.2479
21.2479
21.8059
21.9733
22.0849
22.0849
21.9733
21.9733
21.7501
21.6943
22.1407
22.8103
23.3125
24.9307
25.9909
22.4755
22.4755
24.8749
22.8103
24.9865
24.3169
22.4755
22.3639
22.5313
22.9219
22.6987
22.4755
22.2523
22.1965
21.9733
21.7501
21.8059
21.5827
22.0291
22.4197
22.5871
24.7633
24.7075
26.3257
25.7677
25.7677
24.8749
26.1025
26.3257
25.2097
23.9263
23.5915
23.2009
22.6429
22.4755
22.4755
22.2523
22.4755
22.1407
22.0849
21.9175
22.0291
21.8617
21.8617
23.0335
24.3727
24.7075
24.9307
26.8279
26.4373
26.7721
26.7163
24.2053
24.2611
22.9777
22.0849
21.8617
23.0893
22.8661
22.6987
22.6987
21.7501
21.6385
21.2479
21.1363
21.3037
21.6385
22.0291
22.6429
23.4241
24.9307
24.3727
24.5959
25.7119
24.4285
26.1025
24.2053
24.8191
24.6517
23.5915
23.2567
21.8059
22.0291
21.8617
21.8059
21.6385
21.5269
21.1363
21.1921
21.1921
21.1363
21.5827
22.7545
23.0893
24.5401
24.4843
24.5401
24.6517
25.7677
26.0467
26.1025
24.7075
24.7075
23.2009
22.8661
22.8103
22.6987
22.0291
21.8059
22.0291
21.9175
21.8059
21.5269
21.2479
21.4711
22.1965
23.8147
24.2053
24.9307
25.8235
26.3815
24.8749
25.8235
25.3213
25.9909
25.9351
24.4843
23.7031
23.4241
22.7545
22.4755
22.4197
22.9219
22.5871
22.6429
21.9733
21.6943
21.6385
21.4153
22.0291
24.0379
25.3771
25.7119
26.7721
27.3859
27.5533
27.9439
28.1113
27.9439
25.8235
23.9821
23.9821
23.3683
23.4241
23.8705
23.4241
23.0893
22.6987
22.6987
22.5313
22.4197
22.6429
22.4197
22.6429
21.4711
21.8617
22.6429
22.7545
22.1407
21.9175
22.7545
22.0291
23.0335
22.9219
22.9777
22.8661
23.1451
22.9777
22.0849
22.3639
22.6987
21.5269
21.9733
22.0849
22.0849
21.2479
21.3037
21.2479
21.4711
22.0849
21.4153
21.6385
21.7501
22.0291
21.8059
21.5269
21.4711
21.8059
21.8059
21.5269
21.2479
21.8617
21.6943
21.4711
21.6385
21.0247
20.8015
20.9689
21.2479
21.4153
21.4711
21.5269
21.6943
21.9733
21.8617
22.4755
23.3683
23.9821
26.0467
26.2141
24.8749
25.3771
24.1495
23.7031
22.7545
21.1921
21.0805
20.9689
21.0247
21.4711
21.5827
21.3595
21.3037
21.1363
20.9689
22.0291
23.2567
24.6517
25.6003
24.8191
26.4931
26.6047
26.5489
27.1627
26.9395
25.7677
24.4285
23.7589
23.2567
22.6429
22.3081
22.1965
21.9175
22.1407
21.8059
21.7501
21.8059
20.9131
21.1363
21.0247
21.1921
21.6385
22.2523
23.8147
23.3683
22.9777
23.3125
23.4241
23.5357
24.2053
23.5915
22.4197
21.5827
23.1451
22.9777
22.6429
22.1965
21.3037
21.0805
21.1363
21.1363
20.9131
20.5783
21.1363
21.7501
23.4799
24.7075
25.8235
25.7119
26.0467
27.7765
27.6091
26.3815
25.0981
23.2009
22.1965
22.4755
21.1921
21.1363
21.1921
21.3037
22.4197
22.1965
22.1407
21.8617
21.6385
21.5827
22.5313
23.6473
24.4843
25.4887
24.8191
26.7721
20.9689
20.7457
21.1363
21.3595
21.1363
20.9689
20.8573
21.1363
22.6429
22.6429
22.5871
22.4755
21.1921
21.3595
21.3595
21.4153
21.5827
20.7457
20.6341
20.9131
21.1363
20.9689
21.3595
21.1921
21.1921
21.1921
21.1921
21.3595
21.4153
21.2479
21.2479
21.1921
21.3595
21.5269
21.4153
21.3037
21.1921
21.0805
21.0247
20.9131
21.0247
20.9689
20.9689
20.9689
21.1921
21.4711
21.7501
22.1407
23.2567
24.5401
21.1363
21.3037
21.3595
21.3595
21.0805
20.8015
21.1363
21.1921
21.1921
21.1363
20.8015
20.8573
20.9689
21.0247
21.2479
21.2479
21.6943
23.0893
23.4241
23.9821
25.2097
25.7119
24.3169
26.1025
26.1583
25.6003
25.0423
24.4843
23.7589
23.2009
20.6341
20.6899
20.7457
20.8015
22.1965
22.0849
22.1407
22.1407
22.0291
22.0291
22.1407
22.3081
22.8661
24.9307
25.6003
25.6003
21.8617
25.4887
25.9351
25.7119
24.8749
24.2053
23.8705
23.3125
22.8661
22.5871
22.6429
22.1407
22.1407
22.0291
21.7501
21.6943
21.6385
21.3595
21.8617
23.8147
24.0379
24.9865
25.8793
26.9953
27.3859
26.7721
27.7765
27.4975
27.3301
25.7677
24.6517
24.2053
23.0335
22.8103
22.6429
22.3639
22.3639
22.1407
21.9175
21.6943
21.5269
21.5827
22.3639
23.7031
24.4843
25.1539
25.9909
27.4417
25.8793
28.1671
28.0555
27.8881
27.1627
25.8235
24.6517
23.7589
23.7031
23.2567
22.9219
22.6429
22.4755
22.3081
22.0291
21.6943
21.7501
21.6943
22.3081
23.5915
24.2053
25.2097
26.1583
26.9953
27.3301
27.7765
28.6135
28.0555
27.3859
25.8793
24.5401
23.9263
23.9263
23.5915
23.3683
22.5871
22.6429
21.9733
21.7501
21.5269
21.5827
21.8059
22.0291
23.2009
24.1495
24.8191
25.6561
26.8279
27.0511
27.4417
27.9439
28.5019
27.6649
26.4373
24.3169
24.1495
23.9821
23.4241
22.6429
22.8661
22.2523
22.0849
21.8059
21.8059
21.6943
21.6385
22.2523
23.7589
24.2611
24.5959
25.9909
26.7163
26.7721
27.7765
27.6649
28.1113
28.0555
26.1025
24.3727
24.5401
23.9263
23.2009
22.6429
22.6429
22.8103
22.5871
22.4197
22.1965
21.9175
22.1965
22.8103
24.0379
24.3169
25.4887
25.9909
27.1069
27.7207
28.7809
28.3345
28.5019
27.2743
25.8793
25.4329
24.3169
24.3727
23.8147
23.2567
22.8661
23.1451
22.6429
22.4755
22.3639
22.3081
22.0849
22.5313
23.9821
25.0423
26.0467
26.4931
25.9909
27.2743
23.0335
22.5313
21.6943
21.3595
21.4153
21.4153
21.3595
23.5915
23.4241
22.8103
23.1451
21.0805
20.9689
21.0247
20.9131
21.0805
20.9689
21.4153
22.0291
23.8705
24.6517
25.3213
25.6003
25.6003
26.8279
24.4285
23.9263
23.3683
23.8705
23.0335
22.5871
21.3037
21.2479
21.1921
21.1921
22.3081
22.5313
22.0291
21.7501
21.6385
21.5827
21.5827
22.8103
24.1495
24.4285
24.3727
24.5959
25.9351
26.3815
26.2141
25.9351
24.7633
24.0379
23.3683
22.8103
22.2523
22.4755
22.2523
22.5871
22.0849
22.4755
21.9733
21.7501
21.8617
22.0291
22.0291
22.3081
22.2523
22.8661
23.7031
23.3683
25.7119
24.3169
23.9263
22.0849
21.3037
21.2479
21.1921
21.3037
22.4197
22.3081
22.1965
22.1965
21.3595
21.3037
21.4711
21.5269
21.3595
21.3595
21.4711
21.9175
22.4197
22.8661
24.0379
24.2053
24.0379
25.0423
24.8749
25.8793
22.0849
21.7501
21.7501
21.5827
21.5269
21.4711
21.4711
21.4153
21.6943
21.6943
21.6385
22.0849
21.9733
21.9175
21.9175
21.9175
23.2009
23.3683
23.9263
25.2655
25.8235
25.9351
25.2097
25.7677
24.8191
24.8191
24.1495
23.1451
21.6385
21.7501
21.6385
21.4711
21.4153
21.6385
21.4711
21.4711
21.7501
21.1921
21.8059
22.3639
22.6987
24.5959
25.4887
24.9865
25.8235
25.9909
26.2141
24.8191
22.4197
21.0805
20.9131
21.0247
21.5827
21.3595
21.3595
21.3037
21.0805
21.0805
21.0247
20.9689
20.9131
21.0805
20.9689
21.1921
21.5827
21.6943
22.1407
23.3683
24.1495
24.2611
24.4285
25.3771
24.7075
24.2611
22.5313
22.2523
21.0805
21.0805
21.0805
21.0805
20.9131
21.1363
21.1921
21.1363
21.2479
21.3037
21.2479
21.4711
22.3639
23.4241
24.4285
22.5871
23.3683
23.1451
23.9821
24.8191
23.6473
22.9777
22.6429
21.9733
21.4711
20.9131
20.7457
20.7457
21.7501
21.5827
21.8617
21.9175
21.9175
21.8059
22.4197
23.1451
24.1495
24.5959
24.8191
24.8191
25.9909
26.4931
25.3771
22.8103
21.9733
20.6899
20.6341
20.5225
21.7501
21.7501
21.6943
21.6943
20.4109
20.5783
20.4109
20.4667
20.4667
20.5783
20.6899
21.1921
22.1965
23.0893
23.3683
23.0893
22.8661
23.8705
22.8103
22.6987
22.7545
22.9777
22.2523
21.8059
20.4667
20.4667
20.4667
20.6341
21.5827
21.5269
21.3595
21.1363
21.1363
21.0805
21.2479
21.7501
22.3639
23.3125
23.9263
25.2655
24.4285
24.3727
24.3727
24.3727
23.7031
23.3683
22.8661
22.3639
21.8059
21.5827
21.5269
21.5827
21.6943
21.8059
21.6943
21.5827
21.5269
21.4711
21.6943
23.0335
23.8147
24.8749
22.8103
25.4329
26.3815
27.0511
26.3815
27.1627
26.4931
24.1495
23.4799
23.2567
22.2523
22.0849
22.0291
21.9175
22.3639
22.3081
22.1407
22.1407
22.2523
22.2523
22.4197
22.8661
22.6987
24.2611
26.2699
26.3815
27.3859
27.3859
24.4843
24.5401
25.4887
24.5401
23.4799
23.3683
23.0893
22.9219
22.6987
22.5871
22.5871
22.0849
22.0291
21.9175
21.7501
21.4153
21.7501
23.7589
24.4843
24.9307
26.4931
26.2141
25.7677
26.1583
27.3301
26.9953
26.3257
25.6561
24.0379
23.7031
23.1451
23.0893
22.8103
22.7545
22.5871
22.0849
22.0849
21.7501
21.3037
20.9689
21.6943
23.4241
24.6517
25.8235
26.4373
27.1069
27.6649
28.1671
28.3903
28.2229
28.3345
27.3859
24.0937
23.5915
23.8705
23.5915
23.2009
22.6987
22.7545
22.3081
22.0849
22.1965
22.3081
21.6385
21.8617
23.8147
25.4329
26.4373
26.9953
27.8323
29.1157
28.3345
29.1715
28.0555
28.3903
27.1627
24.3727
23.9821
23.3125
23.3683
23.1451
22.8661
23.7031
23.2567
23.1451
22.6429
22.6987
22.6429
22.5871
23.3683
24.9307
26.0467
25.9351
26.8837
27.3859
27.1069
27.1069
27.1627
26.6047
25.6003
23.8705
23.5915
23.5915
23.6473
23.4241
23.0893
22.4755
22.1407
21.9175
21.5827
21.6385
21.4711
21.9175
23.5357
25.0423
24.7075
25.6003
26.6047
26.6605
27.5533
26.6605
27.9439
27.5533
25.9351
24.8191
24.2053
23.1451
23.1451
23.2567
22.8103
22.1965
22.1407
21.7501
21.2479
21.0805
20.9689
21.4711
23.8705
25.0423
26.3257
27.3301
28.3345
28.2787
28.6693
28.6135
28.2229
27.9997
27.1627
24.9865
24.3169
23.7031
23.2009
23.0335
22.5871
22.6987
22.8103
22.8103
22.8103
22.5871
22.8103
23.1451
23.2567
23.3125
22.6987
23.4799
23.7031
24.1495
22.7545
24.0937
21.5269
21.7501
22.0291
21.6943
21.8059
23.3125
23.0893
22.7545
22.4755
21.9733
21.9175
21.8059
21.8059
21.8059
21.6385
21.7501
21.9175
22.3081
23.1451
23.5915
21.8059
23.0335
20.3551
21.1921
21.0247
21.0805
21.1363
21.0805
21.0247
22.2523
22.0291
22.1407
22.1407
20.9689
20.9131
20.8573
20.9131
21.0247
21.1363
21.2479
21.3595
22.3081
22.8661
22.9219
22.5313
24.3727
25.7677
23.3683
22.5313
20.2993
20.7457
20.7457
20.4667
21.0247
21.0805
21.0805
21.0247
20.5225
20.5225
20.4667
20.5225
20.5225
20.5783
20.8015
22.0291
23.7031
24.4843
25.4329
26.5489
26.3815
26.7721
26.7721
26.8837
26.8279
25.8793
22.9219
22.8661
20.4667
20.3551
20.3551
20.5225
22.4755
22.1407
21.9733
21.7501
21.3595
21.1921
21.4711
23.6473
24.6517
25.4887
26.5489
26.4931
27.6649
28.1113
28.1113
27.8323
27.3301
26.4373
23.5357
23.2567
22.4197
22.3639
22.4755
22.1965
22.4755
21.9733
21.5269
21.5269
21.1921
21.0247
21.9175
23.5915
24.7075
25.9909
26.6047
26.9395
27.7765
28.6135
27.8323
27.7207
27.3859
26.1583
23.5357
23.3125
23.3125
22.9777
22.6987
22.4755
22.0291
21.9733
21.7501
21.5827
21.5269
20.9689
21.2479
22.4755
24.5401
26.1025
26.4931
27.1069
27.1627
26.9395
27.2185
26.6605
26.6047
25.3771
23.7031
23.3125
22.9219
23.2009
22.9219
22.3081
22.7545
22.6987
22.4197
22.1965
21.7501
21.6385
21.9175
23.4799
24.6517
24.8749
26.1583
24.7633
25.9909
27.4975
26.9395
27.2185
27.2185
25.5445
24.0379
23.3683
22.9777
22.9219
22.7545
22.8661
22.6429
22.4197
22.3639
22.2523
22.0849
21.7501
21.8059
23.5357
24.3169
26.1583
26.5489
26.9395
27.2743
27.3859
27.6649
27.3859
27.3301
25.6003
24.4843
23.8705
23.2567
22.8661
23.4241
23.0335
22.8103
22.5313
22.4197
22.2523
22.1965
22.0849
22.3639
23.5357
24.7633
25.7677
26.1583
27.2185
27.5533
27.7207
27.4975
28.4461
27.7207
26.7721
25.2655
24.4843
23.5357
24.2053
23.6473
23.2567
23.0893
23.0893
22.9219
22.4755
22.3081
22.0849
22.3639
23.3683
24.5401
25.4329
26.2699
27.3859
27.0511
27.3301
27.9439
28.1671
24.6517
23.7031
23.3683
23.3125
24.2611
24.2053
23.7589
23.4799
22.1965
21.9733
21.8617
21.8617
21.9733
21.9175
21.9733
23.2009
22.7545
23.2009
22.9777
22.8103
22.3639
22.9219
22.8661
22.6429
23.0335
23.2009
22.2523
21.8617
23.3125
23.1451
22.8103
22.6429
20.9131
20.9689
21.0247
21.0247
20.8573
20.8573
21.0805
21.3595
21.4711
21.8617
21.8059
21.6943
21.3037
23.2567
22.5871
23.3683
22.5871
22.4755
21.5827
21.1921
21.9733
21.8617
21.9175
20.9131
20.9131
20.9689
20.9131
20.8015
20.8573
21.0247
21.2479
22.5871
22.7545
23.3683
23.3125
23.1451
24.2053
23.4799
23.3125
23.0335
21.8059
21.8617
21.6943
21.5269
21.2479
21.1921
20.9689
20.9689
21.4153
21.6385
21.7501
21.7501
21.7501
21.6385
22.1965
22.8661
24.7075
25.8793
25.9351
25.4887
25.9909
25.6003
25.9909
25.0423
22.6987
22.8103
22.2523
22.1965
21.4711
21.4711
21.5269
21.4711
22.1965
22.1407
22.1407
22.0849
22.0849
21.8617
22.5313
23.5915
24.3727
25.3771
26.2141
27.0511
27.2743
27.6091
27.9439
27.7207
26.7721
25.9351
24.4285
23.8705
22.4755
22.6429
22.4755
22.3639
22.2523
22.0849
22.0291
21.9733
21.8059
21.5269
21.9175
23.0893
24.4843
25.7119
25.9909
26.8279
26.9953
28.4461
27.6649
27.7765
26.7163
25.9351
24.3169
24.0379
23.5915
23.2567
22.8103
22.3639
22.3639
22.0849
21.9733
21.8059
21.4711
21.3595
22.0849
23.6473
24.0937
25.2655
26.1025
26.9395
27.3859
28.1671
27.8881
26.4931
26.9953
26.1025
24.3727
23.9821
23.6473
23.3683
22.8103
22.4197
22.3081
22.1965
21.8617
21.6943
21.6943
21.7501
22.5871
23.7031
24.5401
25.5445
26.6605
27.7765
27.2743
27.7765
27.1069
26.2699
26.8279
26.3257
23.8705
23.4799
23.8705
23.4799
22.9219
22.5871
21.7501
21.7501
21.7501
20.9689
20.9131
20.9131
21.4711
23.2009
24.7075
25.3771
26.1583
24.3169
26.4373
25.9351
25.2097
20.8573
21.4711
21.5827
21.7501
22.5313
23.2567
22.6429
22.5871
21.9733
20.8573
20.8015
20.9131
20.8573
20.7457
20.8015
21.0247
22.3639
23.7589
25.0981
25.6561
26.5489
26.9395
25.3213
24.5959
22.1407
21.3037
21.1921
21.4153
21.4711
22.0291
21.0247
21.4153
21.0805
20.7457
20.6899
20.6899
20.8015
20.6341
20.6899
21.1363
22.1407
23.2567
24.8749
24.2611
24.9865
26.5489
26.1025
25.9909
26.2141
25.8235
24.0937
22.9219
22.3639
21.4153
21.1921
20.8015
20.8015
21.6385
21.4711
21.1921
21.1363
21.0247
20.8573
21.3595
23.4799
24.1495
24.8749
25.4329
26.2699
25.8235
26.0467
26.1025
25.9909
25.9351
24.5401
23.4799
23.0335
22.4197
22.0291
21.7501
22.1407
22.1407
22.2523
22.0291
21.8059
21.2479
21.1363
21.5269
23.4799
25.1539
26.1583
26.6047
27.1627
27.4417
26.4373
22.6429
25.8235
26.3257
24.2611
23.4799
22.8661
22.5871
22.9219
22.8661
22.3639
22.2523
22.1407
22.0291
21.5269
21.3037
21.1921
21.6385
23.7031
25.1539
25.7677
26.8279
26.8279
27.9997
28.8925
29.0041
28.3345
27.6091
26.3257
23.8705
24.2053
22.6429
22.4197
22.6987
22.4197
22.7545
22.4197
22.3081
22.1407
22.2523
21.7501
22.5313
23.7589
24.5959
25.7677
26.6047
27.7765
29.1157
29.0599
28.9483
28.1671
27.9439
26.6605
24.4843
24.3169
23.8147
23.4799
22.8103
22.6429
22.8103
22.4755
22.0849
21.9175
21.8059
21.8059
22.2523
23.8147
24.3727
24.4843
26.5489
28.1113
26.1025
21.4711
21.1363
21.7501
22.5871
22.3081
21.5827
21.3037
23.8147
23.3125
23.2567
23.0335
21.5269
21.8059
21.3595
21.4153
21.4711
21.0247
21.1921
22.3081
22.2523
22.7545
24.0937
25.7677
25.8793
25.9351
25.6003
24.9307
25.3213
24.2611
23.0335
22.5871
21.4711
21.3595
21.7501
21.6385
21.6385
21.8059
22.1407
21.1921
21.4711
22.0291
21.9175
22.6429
23.9263
25.2655
25.5445
25.8793
26.3815
25.7119
26.7721
26.0467
24.7075
23.5915
23.4241
23.6473
22.5313
22.8103
22.3639
21.9733
22.7545
22.9219
22.8661
21.8617
22.2523
21.1921
22.2523
23.2567
24.0937
25.1539
26.2699
27.1069
26.9395
26.4931
26.7721
25.8793
24.9865
24.6517
23.3683
23.3683
23.3125
22.5871
22.7545
22.8661
22.0849
21.9733
21.7501
22.0291
21.4153
21.6943
21.8059
22.4197
24.8749
25.4329
25.4329
27.2185
27.6649
26.1583
27.3301
25.9909
23.9821
23.7589
23.4799
22.9777
23.5915
23.4241
22.6429
22.4197
22.4755
22.6987
22.5313
22.3081
22.0291
22.3639
21.9175
23.7589
24.3727
25.6561
26.8837
28.2229
28.3903
28.6135
26.9395
28.4461
27.6091
25.4887
24.0937
23.8705
23.0335
22.6987
22.8661
22.7545
23.3125
22.9219
22.7545
22.1407
21.9175
21.8617
21.9175
23.4241
25.5445
25.3771
25.2655
26.4931
26.6047
27.9439
27.5533
27.6091
26.2699
25.6003
24.2053
23.7031
23.8705
23.8147
24.0379
23.5357
22.8661
22.8103
23.0335
22.4197
21.9175
21.9175
22.5871
23.4799
24.8191
25.7119
25.7119
26.2141
27.1069
26.8837
26.6605
24.9865
24.7075
24.3169
24.0937
23.7031
23.4241
23.6473
23.9821
23.3125
22.8103
22.3081
22.5871
22.1407
21.6385
21.4153
21.6385
21.8617
22.6987
22.9219
22.2523
22.4755
23.5357
22.1965
21.8059
21.7501
21.5269
21.4711
21.0805
20.8015
23.3125
23.0893
22.3639
22.1407
20.6341
20.6899
20.6341
20.6341
20.6341
20.6899
20.7457
21.0805
22.3081
22.4755
22.9777
23.7589
23.8147
25.5445
24.5401
24.8749
24.6517
23.5357
22.9777
21.4711
20.6899
20.5783
20.6341
20.6899
21.2479
21.3037
21.3595
21.5269
21.4153
21.4711
21.7501
21.9733
22.1965
21.8617
22.0291
22.3639
22.1965
21.8617
21.5269
21.2479
21.5827
21.5269
21.3595
21.3037
21.3037
21.1921
21.0805
21.1921
21.3037
21.2479
21.1921
21.2479
21.0805
21.0247
20.9689
21.9733
23.5357
24.5959
25.6561
26.2141
26.0467
25.3771
26.5489
26.4931
26.0467
24.0379
23.3683
22.9219
21.0805
21.0247
21.0805
21.1921
22.8103
22.3639
21.8617
21.9175
21.8059
21.9733
22.1965
23.2009
23.8705
25.3771
26.2699
27.2185
26.4373
25.0981
24.9307
24.9865
21.5269
21.8617
21.6385
21.5269
22.8103
22.5871
23.0335
22.2523
21.4153
21.4153
21.3595
21.3037
21.2479
21.3037
21.3595
22.6429
23.6473
24.6517
24.9865
26.2141
26.5489
26.8837
26.7721
26.7163
25.6003
24.4843
23.4241
23.4799
21.6385
21.4711
21.4153
21.3595
22.5871
22.4197
22.2523
21.9733
21.6943
21.4153
21.4711
22.9777
23.7031
24.5959
24.9865
26.1583
26.5489
26.2699
26.3815
26.1583
24.9865
24.2053
23.3125
23.0335
23.2009
22.9777
22.8103
22.6429
22.1407
21.9175
21.4153
21.4711
21.8617
21.8059
22.0291
22.3639
24.3169
24.4285
25.8235
26.2699
26.3815
26.8279
27.1069
25.7677
26.0467
24.4285
23.7589
23.4799
23.2009
23.0893
22.5871
22.5871
22.1407
21.8059
21.6943
21.7501
21.9733
22.0849
21.3595
21.9733
22.8103
23.0893
24.2053
24.6517
25.6003
25.7677
25.9351
25.8235
26.0467
24.0379
23.2567
22.8661
23.4241
23.0335
22.6429
22.3639
22.1965
22.0849
21.8617
22.1407
21.9733
22.0849
22.1965
22.2523
23.6473
24.8191
26.1025
25.2655
26.9953
26.6047
26.5489
26.5489
25.2655
24.4285
20.5783
20.2993
22.6987
22.3081
22.3081
22.2523
20.3551
20.4109
20.5225
20.4667
20.5783
20.5783
21.0805
21.4711
22.0291
23.2567
24.0379
25.4329
24.8191
25.0423
25.4887
25.3771
25.0423
21.1921
20.8015
20.8573
20.6899
20.8573
20.8015
20.9131
21.3037
21.0805
21.2479
21.7501
21.8617
21.8617
21.8617
21.9175
22.4197
23.0893
24.9307
25.2655
24.8191
25.2655
25.6003
25.3213
25.7677
23.5357
22.6429
22.2523
20.8015
20.8015
20.8015
21.0805
21.8059
21.6943
21.3037
20.8573
21.0247
21.0805
21.3595
22.9777
24.0379
24.6517
25.4887
24.9307
25.6003
26.3257
26.3815
26.4931
25.8793
24.3169
23.4799
22.8661
22.5313
22.0849
21.8059
21.5827
21.3037
21.6943
21.0247
20.7457
20.6341
20.5783
20.5783
22.5871
23.7589
24.1495
25.9909
25.9909
26.9395
27.3301
26.6605
26.5489
23.5915
23.2567
22.3081
22.4197
22.2523
22.4197
21.9175
21.6385
21.4153
21.4153
21.1363
21.1921
20.9689
20.8573
21.0805
22.6987
23.2567
25.2655
26.9395
26.9395
26.6605
27.5533
27.1069
26.3815
26.0467
24.3169
23.1451
22.8661
22.5313
22.5871
22.1407
21.8617
21.5827
21.5827
21.5269
21.4711
21.5269
21.4153
21.4153
22.7545
24.3727
24.7633
26.6605
26.8279
27.3859
27.1627
27.1627
26.2141
26.3257
24.4285
23.9263
23.8147
22.4197
21.9175
21.9733
21.6943
22.1407
22.2523
21.9733
21.9175
21.7501
21.4711
21.4711
22.3639
23.4799
25.3771
26.2141
26.6605
26.8837
26.8837
26.7163
26.6605
26.0467
24.0937
23.2009
22.8661
23.2567
23.3125
22.9777
22.5871
20.9131
21.0805
21.1363
21.1363
21.1921
21.1921
21.4153
22.6429
23.0893
23.5915
24.8191
25.9909
25.7677
26.2699
27.4417
26.8279
26.1583
24.8191
23.0893
22.5313
23.1451
23.1451
22.4755
20.8015
21.4153
21.3037
21.3037
21.3595
21.4153
21.5269
21.5827
22.2523
23.0893
24.2053
25.3213
26.2141
25.4329
24.2053
24.4285
24.8749
24.2053
23.2567
22.4197
21.9175
22.1965
21.8617
21.6385
21.5827
20.3551
20.1877
19.6855
19.5181
19.1833
19.1833
19.0717
19.6297
20.8573
21.8617
24.0937
22.3081
22.9777
23.4241
23.2567
23.9263
22.4755
21.6385
21.1363
20.8015
21.5269
21.2479
20.7457
20.6341
19.7971
19.4623
19.2391
19.1275
18.9043
18.5695
18.4021
19.4065
20.6899
21.3595
22.9219
23.5915
24.0379
24.0937
23.9263
23.6473
22.9219
21.3037
20.6341
20.2993
20.6341
20.4667
20.1877
19.9087
19.1833
18.8485
18.8485
18.6253
18.3463
18.2347
18.4579
19.1833
20.9131
21.8059
23.1451
23.9821
24.4843
24.1495
24.2611
24.3169
23.4799
22.0849
20.8015
21.0805
20.0203
19.5181
19.4065
19.3507
20.2993
20.2993
19.9087
19.6297
19.6855
19.4065
19.3507
19.9087
21.0805
22.0849
21.7501
23.8147
24.7633
25.0423
24.5959
23.4799
22.8661
22.1965
21.5269
21.3037
21.1921
20.7457
20.8015
20.5225
19.6855
20.3551
20.1319
19.9087
19.7971
19.6297
19.5181
19.5181
19.9645
21.8059
21.2479
22.1965
21.9733
22.4755
22.1965
22.3081
21.9175
21.5827
21.4711
21.4711
20.9689
20.9131
20.8015
20.2435
21.1363
21.0805
20.9131
20.7457
20.7457
20.5783
20.5783
20.9689
21.1921
21.1921
22.5313
22.1407
19.0159
19.6297
20.2993
20.4667
19.2391
19.4623
19.7971
19.7413
21.4711
21.4711
21.4711
21.3037
19.4065
19.3507
19.9087
19.9087
19.9087
19.4065
19.9087
20.1319
20.5783
22.1965
22.0849
22.4197
24.2611
23.5357
23.5915
23.3125
23.2567
22.6987
22.4755
22.7545
19.0717
19.0717
19.5739
19.9645
20.9689
20.9689
21.0805
21.2479
20.5783
20.3551
20.4109
21.4153
22.8103
23.0335
25.6561
26.0467
25.8793
26.8837
26.7163
26.2141
25.6003
23.5357
22.8661
22.6987
22.3081
22.1965
21.3037
21.1921
21.6943
21.3037
21.1363
22.1965
22.1965
21.9175
21.7501
22.4755
23.9821
23.9821
24.2611
26.1025
27.1069
27.0511
27.4975
25.3213
24.7633
24.2611
24.0379
24.2053
22.4197
22.2523
22.3081
22.5313
24.0379
23.9263
23.9263
23.7589
23.3683
23.5357
22.8103
21.5827
22.5871
22.9219
22.9777
21.0805
20.8015
21.8059
21.3595
20.7457
20.6341
20.6899
20.6899
20.5783
24.2611
24.1495
23.9263
24.0379
20.7457
21.0805
21.0247
21.1921
20.9131
21.0247
20.9689
21.0805
21.3037
21.5827
21.9733
21.4711
21.4153
21.6943
22.1965
23.2567
22.9777
21.7501
21.5827
21.5827
20.4667
20.6341
20.2993
20.2993
21.3037
21.1921
21.1921
21.3595
21.1921
21.2479
21.1921
20.9689
20.5225
20.9131
21.3595
22.3639
21.9733
22.7545
23.5915
22.8103
22.3639
21.6385
21.5827
21.4711
21.8617
21.6943
21.2479
21.3595
20.8015
20.6899
20.3551
20.2435
20.2435
20.1877
20.0761
20.4667
21.8617
23.2567
22.8661
24.5401
22.4197
22.5871
22.3639
22.0849
21.9733
21.7501
21.4711
21.3037
21.5269
21.4711
21.3037
21.0247
20.5783
19.7413
19.9645
19.7971
19.5181
19.4065
19.1275
19.0717
18.7369
19.2949
19.7413
19.9645
19.9087
19.7971
19.9645
19.5739
19.3507
19.0717
18.6253
17.2303
21.1921
21.0805
20.7457
20.8015
16.9513
17.1745
17.1745
16.7839
16.7839
17.0071
17.0629
17.2861
17.5651
17.7883
18.4021
18.6253
19.0159
18.5137
18.0673
18.2347
17.7883
17.5651
17.6767
17.7883
17.0629
17.0071
16.8955
17.0071
17.8999
17.8999
17.8441
17.7883
17.8441
17.7325
17.8441
18.1789
18.7369
18.9043
19.6855
20.2993
21.0247
21.1921
21.0247
20.6899
20.2993
19.4065
18.5695
18.9601
17.8441
17.8441
17.8999
17.7325
18.5695
18.5695
17.8441
18.0115
17.6209
17.7325
17.8441
18.1231
18.9043
20.6341
21.3595
21.2479
20.6341
19.5181
19.0717
19.2949
18.9043
18.8485
18.9043
18.9601
19.1833
18.4579
18.3463
18.6811
18.1231
18.1789
18.1789
18.1789
18.1789
18.3463
18.4021
18.5137
18.6811
19.2391
19.4065
20.0203
20.5783
20.4667
20.6341
21.6943
20.5783
20.2435
20.1877
20.0761
18.8485
18.4021
18.2347
18.1789
19.1275
19.0159
19.0159
18.9601
19.1833
19.0717
18.8485
19.1833
19.7413
21.8617
22.0849
21.8059
23.0893
23.6473
23.8705
23.7589
22.9219
21.0805
20.6341
20.3551
19.8529
19.6297
19.1275
19.2391
19.5739
19.3507
19.1275
19.1275
18.9601
18.9601
20.0761
21.0247
21.9175
22.6429
24.1495
24.5959
24.7075
25.0423
25.2655
24.7633
23.8147
21.7501
21.3037
21.1921
21.1363
20.8015
20.1319
20.0203
20.5783
20.5225
20.4109
20.4667
20.5783
20.1877
20.0203
21.3595
22.0291
22.6429
24.0379
23.8147
25.5445
25.0423
25.1539
24.9307
23.4799
22.6429
21.8617
21.8617
21.0805
21.1921
20.8573
20.6899
20.9131
20.9131
20.8015
20.8015
20.0761
20.4109
20.3551
20.5225
20.8573
21.0247
21.3037
21.0805
21.4711
21.3595
20.8015
21.0247
20.8015
20.6899
20.6341
20.1319
22.4755
21.9175
21.5827
20.8015
20.4109
20.4667
20.5783
20.4109
20.2435
20.0203
20.0203
20.1877
20.5225
20.6341
20.5225
20.4109
20.2993
20.2993
20.3551
20.5783
20.5783
20.5225
20.4667
20.4667
20.3551
20.4109
20.3551
20.4109
20.4667
20.4667
20.4109
20.4667
20.5225
20.5225
20.5225
20.6341
21.4153
21.3037
21.6943
22.3639
20.6341
21.4711
21.8617
21.6385
21.1363
20.4109
20.0203
19.9087
20.5225
20.5225
20.5225
20.5225
20.0761
19.7413
19.5181
19.2949
19.2391
18.9601
19.2391
19.6297
20.0761
20.4109
20.7457
20.9689
21.1363
21.4153
20.8015
20.1877
19.7971
19.7971
19.6855
19.2949
19.9645
19.9087
19.9645
19.8529
19.6855
19.8529
19.8529
19.8529
19.7971
19.6297
19.5739
19.9645
20.0203
20.2435
20.6341
21.6385
21.3595
22.8103
22.5871
22.8103
22.0291
20.6899
20.2435
19.9087
19.6297
19.5739
19.6855
19.6297
19.9645
19.5181
18.9601
18.9043
19.0717
19.4065
19.2949
19.9645
21.1363
22.1407
23.1451
23.3683
24.0937
23.9821
23.8705
23.5357
22.5313
19.9645
19.5181
19.4065
19.6855
19.4623
19.7971
20.1319
18.2905
18.5695
18.4021
18.7927
18.1789
18.0673
19.0159
19.9087
20.9689
22.3639
23.0893
23.7589
23.7589
24.1495
23.9821
23.7589
22.5313
20.2435
19.7971
19.6297
19.5739
19.4623
19.3507
19.4623
18.7927
19.2391
19.1833
18.6811
18.2347
17.9557
18.3463
19.5181
20.3551
22.3081
22.9219
23.3683
23.5357
23.3683
23.1451
22.6987
21.6385
19.9087
19.6297
19.6297
19.6297
19.2391
19.1275
19.0159
18.5695
18.4579
18.2347
18.1231
17.9557
18.0115
17.7325
18.5695
20.5783
21.9175
22.7545
22.8661
23.5357
23.3125
23.2567
23.0893
21.6385
19.9087
19.2949
19.2391
19.0159
18.8485
18.6811
18.7369
18.1789
18.1789
17.7325
17.7325
17.7883
17.6767
17.7325
18.4579
20.0761
20.8573
22.3081
22.5871
22.9219
23.2567
23.0893
22.8103
21.4711
20.0761
19.5739
19.3507
18.9601
19.0159
19.0717
18.8485
18.6253
18.4579
18.5137
18.4021
18.1789
18.0115
18.1231
19.5739
20.8015
20.8573
22.8661
23.4241
23.5915
23.5915
23.3125
23.4241
21.7501
20.1877
19.9087
19.8529
19.2949
19.2949
19.1833
19.1275
19.0717
18.6253
19.1275
18.7927
18.6811
18.5695
18.4579
19.4623
21.0247
22.5871
22.0849
22.9777
23.7031
23.8705
23.0335
23.0893
22.0849
20.9131
20.3551
20.1877
19.6297
19.3507
19.4065
19.2949
20.1319
20.1877
19.6855
19.9087
19.9645
19.7413
19.3507
20.1877
21.3037
21.5827
23.0893
23.3125
24.2053
23.8705
24.0937
24.1495
22.9777
21.1921
20.6341
20.4109
20.1319
19.9645
19.9645
19.9087
19.6297
19.4065
19.2949
19.1833
19.1275
19.0159
18.9601
20.1877
21.9733
23.1451
24.2611
24.4843
23.8147
23.7031
24.4285
23.5915
22.3639
21.4153
20.8573
20.9689
20.3551
20.1319
19.8529
19.6297
20.5225
20.0761
19.7413
19.2949
19.2391
19.0717
19.0159
19.2949
20.1319
19.9645
20.7457
20.8015
20.4109
20.2435
20.2993
19.4623
19.1275
18.9043
18.7369
18.5137
20.8015
20.9131
20.5225
20.1319
18.1231
18.1231
18.0673
17.8999
17.7883
17.7325
17.7325
17.8999
18.4021
19.7413
20.0203
20.9131
20.8573
19.8529
20.0203
19.6297
19.7971
18.4579
18.0115
18.4579
18.4579
18.3463
18.2905
18.2347
18.6253
18.8485
18.6811
18.5695
18.4579
18.2905
18.3463
18.5137
19.0159
19.2949
21.7501
21.5827
21.7501
22.7545
22.4197
22.2523
21.4153
19.7413
19.2949
19.0717
18.6811
18.9043
18.9043
18.7369
19.2391
19.1275
19.1275
18.9043
18.7369
18.6811
18.7927
19.2949
19.8529
21.8059
22.6429
22.8661
22.5871
22.5871
22.6987
21.5827
21.1921
20.6341
20.2993
20.2435
19.1833
19.1275
19.6297
19.5739
19.1275
18.8485
18.4579
18.1789
17.8999
17.8999
18.4579
18.6811
19.7413
21.5269
22.4197
22.6429
22.1407
20.5783
20.8015
20.3551
20.2435
19.4065
19.1833
18.9043
19.9645
19.6297
19.6855
19.4065
17.9557
17.7883
17.5093
17.5093
17.5651
18.0115
17.9557
18.1789
18.6811
19.8529
20.6899
21.8617
21.8059
21.8059
22.0849
21.8059
20.4667
20.0761
19.8529
19.6297
18.9043
18.9601
18.2905
17.8999
17.9557
17.8441
17.6209
17.6209
17.3419
17.3977
17.2303
18.1789
19.7413
19.9087
20.1877
19.6855
21.1363
21.6943
22.1407
21.6943
20.8015
19.3507
19.1275
18.8485
19.4623
19.1833
18.6811
18.0115
18.6253
18.5695
18.5137
18.4579
18.1231
17.9557
18.2347
19.5181
20.8015
21.2479
22.3639
23.2009
23.3683
22.8103
23.1451
22.3081
21.4711
19.9645
19.5739
19.5739
18.8485
18.7369
18.7927
18.7369
18.9043
18.9601
18.5695
18.3463
18.1789
17.9557
18.3463
19.3507
20.1877
22.4197
23.0893
23.2009
23.5357
23.8147
23.5915
23.5357
21.8617
20.4667
20.1319
20.1877
19.4623
19.4065
19.0717
19.0159
20.0203
19.1275
19.2391
19.0159
19.5181
19.2949
19.2949
19.6855
20.4667
21.3595
22.7545
23.0893
23.4241
23.9263
23.8705
22.9219
22.0849
21.1363
21.0247
20.8573
20.9689
20.2435
20.6341
20.4667
20.5783
20.2993
20.3551
20.1877
20.1319
20.0761
20.1319
20.3551
21.7501
23.0335
23.5357
23.9821
23.8705
23.7589
23.5357
22.4755
22.0849
21.5269
21.3595
21.0805
20.9689
20.8015
20.8015
20.9131
20.1877
19.4623
19.5181
19.4065
19.2391
19.1833
19.1275
20.7457
22.4197
23.0893
24.0937
24.4285
23.9821
24.7075
24.8191
24.8191
23.3125
21.5827
21.3037
20.9689
20.6899
20.4667
20.3551
20.2435
20.1877
20.1319
20.1319
20.1319
20.4667
20.4109
20.4109
20.7457
21.1921
22.8103
24.2053
24.7633
24.8749
25.0423
25.2655
24.5959
24.1495
22.9219
22.1965
22.2523
21.7501
20.9689
20.4109
20.1877
21.2479
21.1921
20.4109
20.1877
20.1877
19.8529
20.2993
20.6341
21.8617
23.6473
24.4843
24.7075
24.5401
24.6517
23.4241
23.3125
23.0335
22.4755
20.9689
20.3551
22.1407
21.8617
21.5827
21.3595
19.7971
20.1319
20.3551
20.0761
19.7971
19.7971
19.5181
19.5181
18.8485
18.9601
19.3507
19.2391
18.9601
19.1275
19.2391
18.9043
18.1231
17.6767
17.5093
17.2861
20.1877
19.9087
19.9645
19.9087
16.5607
16.4491
16.3933
16.4491
16.3933
16.1143
16.2259
16.1701
16.4491
16.4491
15.9469
16.0585
16.5049
16.5607
16.5607
16.5049
16.5607
16.7281
16.5049
16.5049
17.3419
17.1745
17.0071
16.6723
16.2817
16.2259
16.1701
16.3375
16.1701
16.2259
16.1143
16.2259
17.1187
17.7883
18.7927
18.2905
20.8015
19.3507
19.2391
18.8485
18.3463
17.9557
17.9557
17.8999
16.3933
16.6165
16.5607
16.4491
17.0071
16.8397
16.5607
16.3933
16.2817
16.2259
16.2259
16.3375
17.0071
18.1789
18.4579
19.4623
19.5181
19.5739
19.4623
18.9601
18.5137
16.9513
16.6723
16.5607
17.7325
17.3419
17.2861
17.2303
16.1701
16.2817
16.2817
16.3933
16.2259
16.0027
16.0585
17.1745
19.2391
20.0203
21.1921
20.9689
21.5827
21.6385
21.8059
21.5827
19.9645
18.4579
18.1231
18.0673
16.5049
16.4491
16.3933
16.5049
17.3977
17.2303
16.9513
17.0629
16.5607
16.4491
16.5607
17.6209
18.7927
20.1319
21.1363
22.0291
22.1407
22.4197
22.1965
21.7501
20.2435
18.9043
18.6253
18.6253
17.7883
17.7325
17.6767
17.6209
17.4535
17.7325
17.6209
17.3977
17.7325
17.0071
16.8955
18.0115
19.6297
21.1363
21.6385
22.3639
22.0291
22.0849
22.4755
21.9733
20.1319
19.0159
18.6811
18.6253
18.6253
18.4579
18.4021
18.1789
18.5137
18.2347
18.1231
18.2347
17.7325
17.8999
18.4021
18.1789
19.5739
20.8015
22.1965
22.1407
22.4197
22.5871
22.4197
22.2523
21.0247
20.0203
19.9087
19.9087
18.8485
18.9601
18.5695
18.5695
19.3507
19.0717
18.4021
18.6253
18.3463
18.4579
18.9043
18.6253
19.4623
20.0761
21.4711
22.3081
23.0893
22.9777
22.3081
22.4755
21.1921
20.7457
20.5225
20.4109
19.7971
19.6297
19.6855
19.5739
19.7971
19.7971
19.5739
19.8529
19.7971
20.0203
20.1877
20.0203
20.8573
21.0247
22.1407
22.3639
22.5313
22.0291
21.1921
19.3507
19.2391
19.1833
19.0159
19.2391
20.2993
20.1319
19.9645
20.1319
19.1833
19.1275
19.1833
19.1275
19.1275
19.1275
19.1275
19.3507
19.6297
20.0761
20.6899
21.0247
20.9689
21.1921
21.1363
21.2479
20.4109
19.9645
19.7413
19.6297
19.1833
19.1833
19.1275
19.1275
19.1275
19.0159
19.1275
19.0717
19.1275
19.0717
19.1275
19.0717
21.0805
21.8617
22.5871
22.7545
23.3683
23.2009
22.9777
22.3081
21.5269
20.9131
20.4667
20.2435
19.4623
19.1275
19.0717
19.2391
18.9601
18.6811
18.4579
18.1231
18.0673
18.0115
18.0115
18.2347
18.8485
20.6899
21.3037
22.2523
22.3081
22.5313
22.3639
21.7501
20.1319
18.5695
18.0673
18.2905
20.0761
19.7413
19.5181
19.2949
17.9557
18.1231
17.8441
17.3419
17.2861
17.5093
17.6209
17.6767
17.8441
18.0115
18.1789
18.6253
18.2347
17.9557
18.1231
18.1789
17.8999
17.5093
17.5651
17.5651
19.1833
18.6811
18.4021
18.0673
17.3419
17.2861
17.5093
17.8441
17.3977
17.3977
17.7325
17.6209
18.1231
18.7927
19.7971
20.0761
20.1877
21.1363
20.6341
20.1319
19.6855
18.5695
18.4579
19.1833
17.6767
17.5651
17.4535
17.3419
19.0159
18.6253
18.1789
18.7369
18.4579
18.3463
18.0673
18.2905
18.9601
20.9689
21.3595
21.5269
21.8059
20.9689
21.0805
20.9131
20.4667
19.6297
19.2949
18.5137
19.5739
19.4623
19.4623
19.2391
17.0629
17.0629
17.0071
17.0629
16.7839
16.7839
16.5049
16.7839
17.6209
19.0159
20.6341
20.6341
20.5783
20.6899
20.8573
20.5783
18.5695
17.7883
17.6209
17.7883
17.9557
17.9557
17.8999
17.3977
17.7325
17.9557
17.6767
17.5093
17.3977
17.3419
17.1187
17.6767
17.7325
18.1789
18.6811
18.7927
19.1833
18.9601
18.7927
18.9043
18.2905
17.5093
17.6209
17.4535
17.8999
17.9557
18.0115
17.8441
17.3977
17.2861
17.2303
17.2303
17.4535
17.0629
17.0071
17.0629
17.8999
18.5137
18.9043
19.2949
19.6855
19.6855
20.2435
19.7413
19.1275
18.6811
18.1789
18.0673
17.5651
17.4535
17.4535
17.4535
17.1187
17.3419
17.0629
17.1187
16.7839
16.6723
16.6723
17.0629
18.8485
19.9645
20.1877
21.5827
21.5827
22.1407
21.8059
21.3595
19.7971
18.6811
18.3463
18.3463
18.2347
17.8441
17.4535
17.3977
17.7325
17.4535
17.2303
17.0071
16.7839
16.8955
16.6165
17.0629
18.9043
19.9087
19.9645
21.4153
22.8103
22.7545
22.3639
22.1407
20.1877
19.0717
18.9043
18.6811
18.1789
18.1231
17.8441
17.6767
17.8999
17.5093
17.3419
17.0629
17.3977
17.2861
17.0071
17.2861
19.0717
19.4623
20.5225
21.5827
21.9175
21.3037
21.5827
21.5827
20.1877
19.2949
19.1275
18.7927
18.6253
18.4021
18.1789
18.1231
18.2347
18.1231
17.7325
17.5651
17.6209
17.2303
17.3419
17.5093
19.0717
20.6341
21.8059
22.0849
22.9777
22.8103
23.0893
22.0291
21.5269
20.7457
20.6341
19.9645
18.7369
18.8485
18.3463
18.7369
16.8955
16.3933
15.8911
15.4447
14.9425
14.5519
14.1613
14.3845
14.9983
15.8353
15.8911
17.2303
17.2303
16.8955
17.0071
16.6723
15.7795
14.9425
14.2171
13.7707
19.0717
18.5695
18.0115
17.2303
12.8221
12.7663
11.9851
12.0967
11.8735
12.0409
11.5945
11.9851
13.2127
13.8265
14.9425
16.2259
17.1187
17.6209
17.0629
17.2861
15.8353
14.9425
14.2729
13.7707
13.5475
13.2127
13.1011
12.9895
12.2083
11.7619
11.3155
11.5945
11.3155
11.0365
10.9249
11.9851
13.0453
14.6077
15.9469
16.3933
17.2861
17.2303
18.1789
18.2347
17.0071
14.7751
14.3845
14.4403
13.2685
13.0453
12.7105
12.3757
13.5475
13.2685
13.3243
12.6547
12.8779
12.6547
12.3199
13.2685
14.6077
15.6679
17.0629
18.5137
17.8441
18.4021
18.7927
17.9557
17.1745
15.5005
15.2215
15.2215
14.1055
13.9381
14.1613
13.7149
14.8867
14.9983
14.9425
15.1657
14.7751
14.4961
14.4403
15.2773
16.1701
17.0629
17.6767
18.6811
19.2391
19.0717
19.5739
19.1275
18.4021
17.5093
17.6209
17.7325
15.2773
15.4447
15.6679
15.6679
17.3977
17.5093
17.2861
17.4535
17.1187
17.2861
17.2303
17.2303
17.7883
18.0115
19.1275
19.2391
19.7971
19.9645
20.0761
20.3551
19.2391
18.4579
18.4579
18.5695
17.5093
18.1231
17.6209
17.4535
19.1833
18.9043
18.7927
18.6253
18.3463
18.3463
18.1231
18.0115
18.1789
18.2905
18.6253
18.2905
18.5695
18.5695
18.2905
18.2347
17.5651
16.9513
16.8955
16.8955
18.5695
18.5695
18.2347
18.9043
15.8911
15.5563
14.8867
14.7193
14.6635
14.3287
14.4961
14.5519
14.7751
15.3889
16.3375
16.4491
17.1187
17.2861
17.0629
16.3375
15.8353
15.4447
15.0541
14.5519
16.8397
16.7281
16.6723
16.3933
13.7707
13.7149
13.5475
13.4917
13.5475
12.9337
12.9895
13.1569
13.5475
13.7707
13.8265
14.9425
14.8309
16.1701
16.5049
15.2215
15.3331
14.7751
14.7751
14.3845
14.1613
13.9381
13.8265
13.7707
13.3243
13.0453
12.7105
12.3757
12.3199
12.2083
12.3199
12.5989
12.9895
13.9381
14.2171
15.1099
15.8353
15.7237
15.8911
15.7237
14.6635
13.6591
13.1569
12.8221
14.2729
13.9381
13.7149
13.4359
11.4829
11.3155
11.1481
11.0365
10.9807
11.0365
10.9249
11.2597
12.4315
12.9895
15.3889
15.1657
16.1143
16.1701
16.6165
16.1701
14.8867
13.3801
12.9895
13.0453
12.3757
12.0409
11.7619
11.5945
13.4917
13.1011
12.1525
12.3199
12.0409
12.0409
12.3199
12.5431
13.2685
15.2773
16.2817
17.0071
17.3977
17.6209
17.3977
16.8955
15.9469
14.4403
14.1613
14.2171
13.6591
14.0497
13.9381
13.6591
13.6033
13.1569
12.8779
12.8779
12.5431
12.6547
12.4873
13.6591
14.7193
15.5005
16.7281
17.5093
18.1231
18.1231
18.1789
18.0673
16.6723
15.3331
15.2215
15.0541
14.0497
13.8265
14.6635
13.4917
14.7193
14.4961
14.1613
13.9381
13.8823
14.2729
14.1055
14.3845
15.9469
17.5093
18.2347
18.6811
19.3507
19.2391
19.5739
19.1275
17.9557
16.7281
16.5049
16.4491
15.0541
14.9983
14.7751
14.8309
15.8911
16.4491
16.4491
16.3375
16.1701
16.1701
16.1701
16.1701
16.1143
16.7839
16.6165
18.4021
17.6767
18.5695
18.3463
17.8441
17.2861
16.6723
16.3933
16.1701
16.1701
15.9469
16.7839
16.1701
15.6121
15.2215
14.8867
14.6635
14.6077
14.3287
13.9381
13.9939
14.3287
14.7751
15.2215
16.6723
16.8397
16.8955
16.8955
16.6723
16.3933
15.8911
15.8911
15.6121
16.0027
15.8911
15.6121
15.6121
14.5519
14.3287
14.1613
13.8823
13.8265
13.6591
13.4359
13.5475
13.7707
14.7751
15.6679
16.1701
17.1187
17.0629
16.6723
16.8397
16.0027
14.4403
13.8823
14.0497
15.6679
15.2773
14.9983
14.7751
13.6591
14.1613
13.9381
13.7149
13.8265
13.8265
13.7149
13.9381
14.4961
14.9983
17.2303
18.1231
18.1231
17.7883
18.0673
17.9557
16.6165
15.3331
14.9425
14.7751
13.8823
13.9381
14.2729
13.9939
13.6591
13.3801
13.0453
12.9337
12.9337
12.6547
12.4873
12.7663
13.9939
15.7795
16.7839
17.2303
17.5093
17.7325
17.8999
17.2861
16.2259
14.8309
14.7751
14.3287
14.4403
14.3845
14.6635
13.9939
13.8265
14.6635
15.1099
15.1099
14.7193
14.6635
14.6077
14.5519
15.9469
15.7795
16.9513
17.7883
17.9557
18.6811
18.9043
18.4579
17.6767
16.8955
16.6165
16.6165
14.6077
14.4403
13.7707
14.7751
16.1701
16.3933
16.7281
16.5049
16.3375
16.1701
16.0585
16.1143
16.6723
17.6767
18.6811
19.7971
19.9087
19.7413
19.7413
18.9601
18.4021
17.3977
17.1187
16.7839
16.5607
16.9513
16.7839
16.5607
16.5607
16.3933
16.1701
15.7237
15.4447
15.2773
14.9425
14.4961
14.8309
15.6121
17.3419
17.9557
18.4579
18.0673
18.1789
17.7325
16.5049
15.7237
15.4447
14.9425
16.4491
16.2259
17.1187
16.8955
13.3801
12.8221
12.6547
12.3199
12.1525
12.1525
11.8735
11.9293
12.5431
14.2729
15.3331
15.8911
16.1701
16.1701
16.6165
16.4491
15.6121
15.1657
14.9983
14.3845
14.6635
14.4961
13.9939
13.6033
13.2685
12.9337
12.6547
12.3199
12.1525
12.0967
11.9851
11.8735
12.6547
13.3243
13.9381
14.8867
16.5049
16.8955
16.0027
15.5005
15.0541
13.9381
13.5475
13.1569
13.9939
13.8823
13.7149
13.4917
12.7105
12.3757
12.0409
11.4829
10.7017
10.6459
10.3669
10.7017
12.2083
13.1569
15.1099
15.8353
16.1143
16.6165
16.8397
16.3375
14.8867
13.4359
13.0453
12.8221
13.1569
13.5475
13.4359
13.1011
12.2083
11.8735
11.4829
11.7619
11.4829
11.3155
11.1481
11.4271
13.3801
15.4447
16.1701
16.7281
16.5049
17.1745
17.5093
16.9513
15.9469
14.4961
14.4403
14.1613
12.7105
12.8779
12.5989
12.6547
14.1055
14.1613
13.4917
13.3243
13.1011
13.4359
13.2685
13.4359
14.9425
16.3375
16.3933
16.8397
17.0629
17.5093
17.8999
17.1745
16.8397
16.2259
15.8911
15.8353
13.9381
14.1055
14.3287
14.2729
15.6121
15.4447
15.3331
15.3889
15.2215
15.1657
15.1099
15.4447
16.0027
17.2303
17.5651
18.2905
18.6253
19.1275
18.9043
18.4579
18.1231
17.2861
17.0071
16.9513
15.8911
15.8911
15.8353
15.9469
16.5049
16.6165
16.3933
16.3375
16.2259
16.2259
16.1701
16.5607
16.8397
17.1745
18.3463
18.6811
18.7927
19.3507
19.6855
19.4065
18.4021
17.7883
17.0071
16.6723
17.0071
17.0071
16.6165
16.7281
15.4447
15.2215
15.0541
14.8309
14.4403
13.8823
13.8265
13.8265
14.1613
14.8309
15.2773
16.1701
16.3375
16.8955
17.0629
16.7281
16.0585
15.5563
15.3331
14.9983
16.3375
16.0585
15.8353
15.6679
14.6077
14.6077
14.4961
13.9939
13.8265
13.3801
13.4917
13.5475
14.1613
15.4447
15.7795
16.4491
16.8955
17.6209
17.1745
17.0629
17.0071
16.0585
15.8353
16.0585
14.7751
14.6077
14.6077
14.6077