20120101
20121231
14.6635
14.2729
13.9939
13.7149
13.9939
14.1055
13.9939
14.1613
14.5519
15.0541
15.8353
16.7281
17.9557
17.8441
18.3463
18.4021
16.8955
16.2259
15.8911
15.6121
15.6121
15.5563
14.9983
14.7193
14.9983
14.8867
14.6635
14.5519
14.3287
13.8265
13.6033
14.1055
14.8309
14.9425
15.6121
16.3375
16.4491
17.1745
16.5607
16.9513
16.3375
15.7237
15.4447
15.3889
14.7193
14.2171
14.9425
15.0541
15.2773
15.2215
15.2215
15.3889
15.3889
15.2773
15.1657
15.1657
15.3889
15.6121
15.7795
15.3331
16.2259
16.0027
15.8911
15.3889
15.2773
14.8309
14.4403
13.9381
15.2215
14.9983
14.9983
15.2773
12.3757
12.2641
12.1525
11.8735
11.8735
11.6503
11.5387
11.5387
11.5945
11.6503
11.7619
11.8735
11.9851
12.0409
11.9851
12.0409
11.9851
11.7619
11.5945
11.4829
13.5475
12.9895
12.4315
12.3757
10.8691
10.8133
10.5901
10.3111
9.7531
9.5857
9.5857
9.5857
9.7531
9.9205
10.2553
10.3669
11.0365
10.8691
10.8691
10.5343
10.4227
10.3111
10.4227
10.4785
11.3155
11.2597
11.0923
11.0365
10.6459
10.6459
10.6459
10.5901
10.6459
10.6459
10.7575
10.8691
11.0923
11.3155
11.3155
11.5945
12.2083
12.2083
12.6547
12.5431
12.5431
12.4873
12.5431
12.4315
10.5343
10.6459
10.6459
10.6459
12.1525
12.0967
12.0409
11.9851
11.9293
11.8735
11.8735
11.8735
12.1525
12.1525
12.3199
12.3757
12.7105
12.2083
12.4873
12.6547
12.7105
12.5989
12.7663
12.6547
12.3199
12.2083
12.2641
12.2641
12.0409
11.9851
11.9293
11.9293
11.9851
12.0967
12.0967
12.1525
12.3757
12.7105
13.4917
13.5475
13.7707
14.3845
14.4961
14.3845
14.0497
13.5475
13.3243
13.7149
12.5989
12.4315
12.3199
12.2083
12.7105
12.5989
12.4315
12.0409
11.7619
11.7619
11.5945
11.8177
12.8221
14.3845
15.6679
16.0585
16.3933
16.7839
16.9513
16.6165
16.3933
14.7751
14.1613
14.1055
13.6033
13.2685
12.7663
12.8779
13.5475
13.3801
12.9895
13.3243
12.8221
12.8779
12.4315
12.5431
13.2685
14.1055
15.2215
16.4491
16.5049
16.7281
16.8397
16.8397
16.3375
14.9425
14.7193
14.5519
13.9381
13.8823
14.0497
13.8265
15.2215
14.9425
14.7193
14.6635
14.6077
14.4961
14.3845
14.2729
14.3845
15.0541
15.6121
16.9513
16.8397
17.1745
16.7839
16.5607
16.0585
15.6121
15.4447
15.3331
14.7193
14.4961
14.4961
14.5519
14.4403
14.2171
14.0497
13.9381
13.7707
13.6033
13.4359
13.3243
13.3243
13.5475
13.7707
14.3287
14.3287
13.7149
13.3243
13.4917
13.3243
13.3243
13.3243
13.2127
15.1099
15.0541
14.8867
14.7193
13.3243
13.2685
13.3801
13.2685
13.2685
13.4917
13.3801
13.4917
13.8265
14.1613
14.2171
14.7193
14.5519
15.0541
14.9425
14.9425
14.9425
14.6077
14.4403
14.4403
13.2685
13.3243
13.3801
13.4359
14.3845
14.4403
14.4403
14.4403
14.3845
14.3845
14.3845
14.4403
14.6077
14.7751
15.4447
15.5005
15.8911
15.8911
16.1701
15.8353
15.5005
15.3889
15.3331
15.3331
14.3845
14.3287
14.3845
14.3845
14.9425
14.9425
14.9425
14.9425
14.9425
14.9425
14.9425
14.9425
14.6635
14.7751
14.6635
13.8823
13.8265
14.1055
13.9381
13.9381
13.8823
13.7707
13.7707
13.8265
15.2215
15.0541
14.9425
14.9425
13.8823
13.9939
13.9381
13.8823
13.9381
13.8265
13.6591
13.5475
13.6033
13.6591
14.1055
14.2171
14.3287
14.6077
14.5519
14.7193
14.4961
14.2729
14.0497
14.2729
13.7707
13.7149
13.7707
13.8265
13.4359
13.6591
13.5475
13.4359
13.2127
13.2685
13.2127
13.2685
13.7707
14.8309
15.0541
14.9425
16.0027
16.6165
15.6121
15.7795
15.6679
15.2773
14.9983
14.6635
14.2171
14.1055
13.8265
13.7149
15.2215
15.1657
15.1099
15.1099
14.9983
14.9983
15.0541
14.9983
15.2215
16.0585
17.6209
18.5137
18.9043
20.9689
19.2391
18.9043
18.7927
17.7883
17.7325
17.5651
15.0541
15.3331
15.3331
15.2215
17.5651
17.1745
17.0629
16.9513
16.9513
16.8397
16.6723
16.1143
15.8353
15.5005
15.7237
15.4447
15.3331
15.4447
15.1099
14.9425
14.8867
14.8309
14.7193
14.6635
17.5651
18.1231
17.9557
17.7325
14.4403
14.2729
14.1613
14.0497
13.9381
13.8265
13.7707
13.6591
13.6591
13.6591
13.6591
13.7707
13.8265
13.6591
13.6591
13.7149
13.6033
13.6591
13.7149
13.7707
14.6077
14.6077
14.5519
14.4961
13.6591
13.7149
13.7149
13.7149
13.5475
13.5475
13.3801
13.3243
13.2685
13.2127
13.1011
13.1569
13.1569
13.1569
13.1011
13.1011
13.1011
13.0453
13.0453
13.0453
13.7707
13.7149
13.7149
13.6033
12.7105
12.5989
12.4315
12.2083
12.0409
11.8177
11.6503
11.5945
11.4271
11.4271
11.5387
11.5387
11.2597
11.3155
11.2597
11.2039
11.2039
11.0365
11.0365
10.9807
13.0453
12.9337
12.8779
12.7663
10.6459
10.5901
10.1995
9.9763
9.8647
9.8089
9.9205
9.8647
10.0879
10.0879
10.4785
10.6459
11.2039
11.2039
11.8177
11.7619
11.7619
11.3713
11.3713
11.4271
10.9807
10.9249
10.9249
10.8133
10.3669
10.3669
10.4227
10.4227
10.4227
10.3111
10.1995
10.1995
10.2553
10.3669
10.4785
10.5901
10.6459
10.7575
10.8133
10.7575
10.7017
10.6459
10.5901
10.4785
11.4271
11.2597
10.9807
10.7017
10.2553
10.0879
10.0321
10.0321
9.9763
9.6415
9.8647
9.9205
10.0879
10.3669
10.7017
10.9807
11.0923
11.3713
11.3155
11.7061
11.4271
11.2039
11.1481
11.1481
10.4227
10.3669
10.3111
10.3111
10.8133
10.5901
10.4227
10.1437
10.0879
9.8647
9.6415
9.5299
9.6415
9.8089
9.9763
10.0879
10.0879
10.0879
10.0879
10.1437
10.1995
10.2553
10.3111
10.3669
11.2039
11.2039
11.1481
11.0365
10.5901
10.6459
10.7017
10.7017
10.7575
10.8691
10.9249
10.9807
11.2597
11.4271
11.8177
11.8735
12.1525
12.4873
12.3757
12.2641
12.2641
12.1525
12.2083
12.2083
10.3669
10.4785
10.4785
10.5343
12.5431
12.5989
12.7105
12.6547
12.8221
12.7663
12.8221
12.9337
12.9895
13.2127
13.4359
13.7149
14.0497
14.1055
14.3287
13.9939
13.8265
13.6591
13.5475
13.5475
12.3199
12.3757
12.3757
12.4873
12.8221
12.8779
12.9337
12.8779
12.8221
12.7663
12.7105
12.7105
12.8779
13.1011
13.6591
13.8265
14.0497
14.2729
14.3287
14.3845
13.8823
13.7149
13.6033
13.6591
13.4359
13.3243
13.1011
12.8779
13.2127
13.1569
13.0453
12.9895
12.8221
12.8221
12.7663
12.8221
13.1569
13.8265
14.6635
15.6121
15.8911
15.6679
15.8911
15.3331
14.7751
14.2171
13.8823
13.6591
13.6033
13.4917
13.3243
13.2685
13.2127
13.1011
12.9895
12.8779
12.7663
12.7105
12.5431
12.5431
12.8221
14.0497
14.6635
14.9425
16.0585
16.3375
16.7839
16.4491
16.1143
14.3845
13.7149
13.4917
13.6033
13.4917
13.4359
13.3243
14.2729
14.3845
13.8823
13.9939
13.9381
14.2171
13.7707
13.5475
14.7193
16.1143
17.2303
16.5607
17.1187
16.9513
16.8397
16.6165
16.4491
16.0027
15.8353
15.9469
13.8265
13.7707
14.2171
14.1613
15.2773
15.2215
14.9983
14.7751
14.6077
14.2729
14.1055
14.1055
14.1055
14.2729
14.2729
14.4961
14.6635
14.4961
14.2729
14.1055
14.1055
13.9381
13.8265
13.7707
15.5563
15.6679
15.4447
15.3331
13.1011
13.1011
12.9895
12.8779
12.5989
12.4873
12.3199
12.2641
12.4315
12.7105
13.3801
13.6591
13.6033
14.3287
13.9381
14.1055
13.4359
13.3243
13.1011
13.1569
13.6591
13.4359
13.3801
13.1569
12.7105
12.7663
12.8221
12.7663
12.7663
12.7663
12.7105
12.7663
13.0453
13.3801
13.8265
13.7149
14.2729
14.1055
14.2171
14.3845
14.3845
14.1613
13.9939
14.0497
13.2127
13.1011
12.9895
12.9337
14.3287
14.3287
14.5519
14.6635
14.2171
14.6635
14.4961
14.2171
14.5519
14.8309
15.3331
15.8353
16.5049
16.2817
16.2259
16.0585
15.8911
15.6121
15.5005
15.6679
14.1055
14.1613
14.2171
14.2171
15.3331
15.3331
15.3889
15.6121
15.3889
16.0027
15.6679
15.9469
15.8353
16.3375
18.2905
17.7883
18.5137
19.1833
19.6855
20.3551
20.1319
19.7413
19.4623
18.9601
16.0027
15.5563
15.4447
15.3889
16.7839
16.0027
15.6679
14.9425
14.4403
13.8823
13.7707
13.4917
13.6591
13.7707
14.3845
15.1099
15.6679
16.3933
15.8353
15.5005
15.6121
14.9983
14.8867
14.7193
18.6811
18.6253
18.5137
17.7883
13.4917
12.7663
12.8779
13.2685
13.1569
13.0453
12.8221
12.8221
12.8221
13.0453
13.1569
13.5475
14.0497
14.0497
13.6033
13.2685
12.6547
12.8221
12.5989
12.4873
14.5519
14.4403
14.2729
14.1055
11.4271
11.4271
11.5387
11.4829
10.9249
10.9807
11.0365
11.0923
11.3155
11.3155
11.6503
11.8735
12.8779
13.0453
12.7105
12.7105
12.8221
12.7105
12.4315
12.5431
11.5945
11.8735
11.8735
11.9293
12.7105
12.8221
12.8221
12.7663
12.5989
12.5431
12.2641
12.0967
12.1525
12.0967
12.0967
12.0967
12.0967
12.0409
11.9851
11.8177
11.5387
11.4271
11.3155
11.2597
12.5431
12.7663
12.7105
12.8221
11.0365
11.0365
10.9249
10.9249
10.9249
10.9807
10.9249
10.8133
11.0365
11.3155
11.3155
11.8177
11.8177
12.0967
12.1525
12.1525
12.3199
12.0967
11.9851
12.0409
11.2597
11.2597
11.2039
11.1481
11.4829
11.3155
11.2597
11.3155
11.3713
11.3713
11.4271
11.5387
11.8177
12.5431
13.0453
14.3287
15.6121
15.7237
15.3331
15.3331
15.1657
14.8309
13.9939
13.7707
11.9851
11.8735
11.8177
11.7061
13.9381
14.4961
14.6077
14.2171
14.2729
14.6635
14.3845
14.5519
15.8353
17.8999
18.1789
19.0717
20.1877
20.5225
21.0805
21.2479
20.2993
18.7927
18.0115
17.7883
13.9939
13.7149
13.9381
14.1613
17.1745
16.8397
16.9513
17.0629
17.0629
17.0629
16.7281
16.9513
18.1789
20.8573
21.7501
22.1965
22.8103
24.4843
24.0379
23.5357
22.7545
20.6341
19.7413
19.2949
17.6209
17.5651
17.1745
17.0071
18.6811
18.5695
18.4579
18.3463
18.1789
18.2905
18.2347
18.2905
18.6253
18.9601
21.3037
21.7501
22.3639
22.1407
22.7545
21.8059
22.3081
20.4667
19.9645
19.7413
19.1833
19.5739
19.2391
18.9043
16.9513
16.6165
16.2817
15.9469
15.5563
15.2215
14.8309
14.6077
14.4403
14.2171
14.8309
15.1657
14.9983
15.4447
15.6679
15.4447
15.0541
14.6635
14.3845
13.9939
19.2949
18.7927
17.7883
17.5093
13.1011
13.1011
12.9895
12.9337
12.8779
12.7105
12.7105
12.8221
12.8779
13.8823
14.0497
15.4447
16.1701
16.7839
17.1187
16.6723
16.0585
15.2773
14.9425
14.6635
13.6033
13.4359
13.2685
13.2127
13.3801
13.2127
12.9895
12.7663
12.5989
12.4315
12.4315
12.5431
12.7663
12.8779
13.8265
14.9425
14.8867
16.0585
15.3331
15.6679
15.0541
14.5519
14.3287
14.0497
14.3287
13.9939
13.7707
13.6033
13.3801
13.3243
13.1569
13.0453
12.9895
12.8779
12.8779
12.8779
13.2685
14.6077
15.8911
16.5049
16.7839
17.0629
17.1187
16.8397
15.9469
15.5563
14.6635
14.5519
13.9381
13.8265
13.7149
13.5475
13.0453
13.1011
12.7663
12.7663
12.7663
12.6547
12.9895
12.8221
14.2171
14.7751
14.8309
14.8309
15.2773
15.5563
15.5005
15.3889
15.2773
14.9425
14.8867
14.8309
14.4403
14.2171
13.4359
13.1569
14.7751
14.8309
15.1099
14.8309
14.9983
14.8867
14.9425
16.1143
16.5607
17.2861
17.6209
18.3463
18.4021
18.9601
19.3507
18.7369
18.5695
18.1231
17.3977
17.2303
14.9425
14.6635
14.7193
14.9425
16.5607
16.5607
16.5049
16.5049
16.5049
16.5049
16.5607
16.6165
16.7839
17.1187
17.1745
17.6209
18.0673
18.5695
18.6253
18.6253
18.4021
18.1789
17.8999
17.8441
17.3977
17.7325
17.2303
16.5607
17.8441
17.8441
17.8441
17.8441
17.8999
17.8441
17.9557
17.7325
17.8999
18.2347
18.3463
18.9601
19.3507
19.8529
20.2435
21.0805
20.8015
20.2993
19.7971
19.8529
17.7883
17.7883
17.7883
17.8999
20.0203
19.9645
20.0761
19.4065
19.0159
19.0159
18.9601
18.9601
19.0717
19.1275
19.2949
18.5695
18.3463
17.6767
17.3977
16.8955
16.6723
16.5607
16.3375
16.2259
19.7413
20.3551
20.3551
20.1877
15.6679
15.5005
15.3331
15.1099
14.9425
14.6077
14.4961
14.2729
14.2171
14.2171
14.1613
14.2729
14.1613
14.2729
14.1055
13.8265
13.9381
13.8823
13.7707
13.6033
16.1701
16.0027
15.8911
15.7237
12.8779
12.8779
12.8221
12.6547
12.5431
12.4873
12.4873
12.3199
12.5431
12.7663
12.8221
12.6547
12.8779
12.7663
13.1011
12.9337
12.8221
12.5431
12.3199
12.0409
13.4359
13.2127
13.0453
12.9337
11.7619
11.7061
11.6503
11.6503
11.5945
11.6503
11.4271
11.3713
11.1481
10.8691
10.8691
10.9807
10.8691
11.0923
10.9807
10.8133
10.7575
10.7575
10.7575
10.7575
11.9293
11.8177
11.8177
11.7619
10.8691
10.8691
10.8133
11.0365
11.0365
10.9807
11.0365
11.1481
11.3713
12.3199
12.3199
12.5431
13.1011
13.2685
13.3243
13.0453
12.9337
12.6547
12.2641
12.0409
10.7017
10.7575
10.7575
10.7575
12.2641
12.2641
12.2641
12.2083
12.2641
12.2083
12.3199
12.3757
12.4873
12.6547
12.8779
13.1569
13.1011
13.3243
13.3243
13.2685
13.4359
13.5475
13.4917
13.5475
12.0967
12.1525
12.2083
12.2641
13.7149
13.6591
13.6591
13.7149
13.7149
13.7707
13.7707
13.7707
13.8265
13.8823
14.2729
14.3287
14.7751
14.7193
15.0541
14.7193
14.6635
14.6077
14.4961
14.5519
13.6591
13.6591
13.7149
13.7149
14.8309
14.8867
14.9425
14.9425
14.8309
14.8867
15.2773
15.2215
15.8353
16.0027
16.1701
16.1701
16.3375
16.4491
16.7839
16.6723
16.5049
16.3933
16.2817
16.2259
14.5519
14.6077
14.7193
14.8309
15.7237
15.5563
15.3331
15.2215
15.2215
15.1657
15.0541
15.0541
15.2215
15.1657
15.2773
15.1657
15.1099
15.1657
15.1099
15.2215
15.2773
15.2773
15.2773
15.3889
16.0585
16.0027
16.0027
15.8353
15.5563
15.6121
15.6679
15.7237
15.6679
15.6679
15.6679
15.6679
15.7237
15.9469
16.0585
16.1701
16.5049
16.5607
16.3375
16.5607
16.6165
16.5607
16.7281
16.4491
15.5005
15.5005
15.6121
15.5563
16.7839
16.7839
16.8397
16.8955
16.9513
17.0629
17.5651
17.9557
17.8441
18.1789
18.9601
18.8485
19.2949
21.3037
20.9131
20.3551
20.2993
19.8529
19.6297
19.5181
16.8955
16.9513
17.0071
16.9513
19.1275
19.1275
19.0159
19.0159
18.8485
18.6811
18.4579
18.1231
18.2347
18.1789
18.1789
19.4623
19.9645
20.0761
19.6297
20.4109
19.7971
19.9087
19.9087
19.7971
19.4065
19.2391
19.3507
19.1833
18.0115
17.8441
17.7325
17.3419
16.4491
16.0027
15.8353
15.5005
15.5563
15.5563
15.6121
15.7237
15.6121
15.5563
15.5563
15.5005
15.4447
15.2215
15.1657
15.1099
18.9601
18.8485
18.4021
18.6253
14.7193
14.6635
14.6635
14.4961
14.4403
14.3845
14.2729
14.1055
14.0497
14.1055
14.0497
14.1613
14.0497
14.3845
14.3845
14.4403
14.4403
14.3287
14.1613
13.9381
14.9983
14.9425
14.9425
14.8309
13.5475
13.4359
13.3243
13.3243
13.3243
13.2685
13.1569
13.0453
13.0453
13.3243
13.3801
13.3801
13.5475
13.6591
13.6591
13.7149
13.3801
13.1569
13.1011
13.1011
13.9381
13.8823
13.7707
13.6033
12.4315
12.4315
12.2641
12.3757
12.3199
12.2641
12.3199
12.3757
12.7105
13.1011
13.2127
13.7149
13.6591
13.6033
13.5475
13.1011
12.9337
12.8221
12.7105
12.7105
12.8221
12.7105
12.5431
12.2641
12.3757
12.2641
12.3199
12.3757
12.4315
12.1525
12.0967
12.1525
12.2083
12.3757
12.4873
12.4315
12.3199
12.5989
12.7105
12.6547
12.7663
12.8221
12.7663
12.8221
12.7663
12.7105
12.7663
12.6547
12.7105
12.7663
12.8221
12.7663
12.9337
13.1011
13.2127
13.1569
13.3801
13.5475
13.8823
14.4961
14.7751
14.8867
14.9425
15.1657
14.8309
14.4961
13.9939
13.8823
12.8779
12.9337
12.8779
12.8221
14.3845
14.2729
14.1055
13.9381
13.5475
13.4917
13.3243
13.4359
13.3801
13.6591
13.7149
13.9939
14.0497
14.8309
14.6077
14.6077
14.6635
14.4403
14.2729
14.2171
13.8823
14.1055
13.8823
14.3845
13.7149
13.6591
13.6591
13.6033
13.6033
13.6591
13.6591
13.7149
13.9939
14.2171
14.5519
14.3845
14.6077
14.9425
14.8309
15.1657
15.2215
15.0541
14.8867
14.7751
14.3287
14.2171
14.1055
13.7707
14.8867
14.8867
14.9425
14.9983
14.9983
15.0541
15.1099
15.5005
15.5005
15.8911
16.0027
16.2259
16.3933
16.5049
16.6723
16.6723
16.8397
16.6165
16.4491
16.5049
14.7751
14.7751
14.8309
14.8867
16.7281
16.6165
16.5607
16.6723
16.6165
16.6165
16.6723
16.7839
16.8955
17.0071
17.7883
17.5651
17.7883
17.9557
17.8441
17.7883
17.6767
17.7325
17.6209
17.6767
16.5049
16.6165
16.6723
16.6723
17.8441
17.8441
17.9557
17.9557
17.9557
17.9557
17.8999
17.6767
18.0115
17.9557
18.4021
20.2993
21.1363
23.6473
22.8661
22.9219
22.0291
21.1363
20.1877
19.7971
17.7325
17.7883
17.7883
17.8441
19.3507
19.6297
19.7971
19.6855
19.5739
19.5739
18.8485
19.0717
19.3507
19.5739
21.0805
22.3639
22.5871
22.5871
23.1451
23.4241
23.0893
21.8059
20.8573
20.3551
19.6855
19.6297
19.5739
19.4623
20.1877
20.0203
19.7971
19.6297
19.0159
18.7927
18.6253
19.8529
21.5827
23.0893
23.9263
24.0937
24.7633
25.8793
21.7501
22.2523
20.6899
20.2435
20.4109
20.0761
20.4667
20.2435
20.0203
20.2435
19.5739
19.4623
19.2949
19.1275
18.9601
18.9043
18.9043
19.0717
19.2949
21.4711
20.4109
20.8573
20.3551
21.5827
21.3595
21.5269
20.9131
20.5225
20.1877
19.9645
19.9645
19.9645
20.1319
19.9087
19.3507
19.3507
19.2949
19.1833
19.1275
19.0159
18.8485
18.9601
19.1275
20.2435
19.7413
20.1877
21.5269
20.8015
20.5783
21.3595
20.4667
20.1319
19.4623
19.2391
19.8529
19.5181
19.2391
19.2391
18.2905
17.9557
17.5093
17.2861
17.2861
17.3419
17.3977
17.6209
17.8441
18.6811
19.2949
19.3507
19.9087
19.8529
20.4109
20.4109
20.2435
19.7971
19.1833
18.7927
18.9601
19.0159
18.9043
18.5695
18.7927
18.6253
18.7369
18.5137
18.5137
18.5137
18.4021
18.8485
18.8485
18.9043
15.8911
14.7751
14.4961
14.6077
14.6077
14.2171
14.0497
14.2729
14.3287
14.2729
18.5137
18.5695
18.5695
18.4579
13.6591
13.7707
13.8265
13.8265
14.0497
14.0497
13.7707
14.4403
14.9425
15.7237
16.9513
17.5651
18.5695
19.5739
19.1833
19.4623
18.7369
17.9557
16.2259
15.7237
14.2171
14.2171
14.1613
13.0453
15.5563
15.5563
15.7795
15.3331
15.5563
14.9983
15.1657
15.4447
17.6209
18.6253
19.6297
20.0761
19.5181
20.6341
20.6341
20.7457
20.2435
18.6253
17.1187
16.8397
15.6121
15.5563
15.3889
15.6121
15.3889
15.2215
15.1099
15.0541
15.0541
14.8867
14.6635
15.3331
16.8397
18.2905
20.0203
20.0203
20.3551
20.2993
20.7457
20.3551
20.6341
19.4623
18.2347
18.1789
16.6723
16.5607
16.5049
16.2259
17.3419
16.4491
16.2259
15.8911
16.0027
16.2817
16.1143
16.5607
18.5137
19.1833
19.5181
20.1877
20.8015
21.2479
21.0805
21.2479
21.0805
19.4623
18.7927
18.8485
18.1789
18.2905
18.5137
18.1789
18.2905
18.2347
18.0115
17.6767
17.6767
17.6767
17.7325
18.1231
18.9601
19.9645
20.6341
22.9219
21.9733
23.3683
23.1451
21.8059
21.4153
20.9131
20.0203
19.9645
18.6253
18.5137
18.4021
18.0115
19.0717
18.8485
18.7927
18.5137
18.4579
18.0115
18.1789
18.3463
19.1833
20.7457
22.0291
21.7501
21.4711
22.6987
21.0247
22.4197
21.5827
20.8573
19.9645
20.0761
19.9645
19.7413
19.5181
19.2949
18.6253
18.2905
18.6253
18.4579
18.5695
18.6253
18.7927
18.9601
20.3551
21.0805
21.0805
21.4153
22.4197
22.8103
23.9263
22.6429
22.3639
21.4153
20.6341
20.3551
19.9087
19.4065
19.7413
19.2949
19.7413
20.0203
18.9601
18.7927
18.4579
18.1789
17.9557
18.1231
18.6811
18.3463
19.3507
19.7971
20.4667
20.9131
22.1407
20.9131
21.0805
20.2993
19.0159
18.4021
19.9087
19.9087
19.9645
19.6855
17.6767
17.2303
16.8955
16.5607
16.3375
16.1143
16.2259
16.7839
18.9601
20.6341
21.1921
21.8617
22.0849
22.3081
22.6987
22.8103
22.5871
20.9689
20.0203
19.5739
18.0673
17.7883
17.6767
17.5093
17.7883
18.0115
17.8999
17.7883
17.7325
17.6767
17.6767
17.8999
18.7927
20.0761
21.2479
22.0849
23.4241
22.7545
22.6429
22.4755
22.1965
21.1363
20.6341
20.2993
19.0159
18.7927
18.2347
17.9557
19.9087
20.0203
19.5739
19.5181
19.6297
19.1833
19.0717
19.5181
21.4711
23.0335
23.3683
23.7031
23.9821
24.4843
24.4843
24.0937
23.7589
22.6429
22.0849
21.0805
20.2435
20.1877
20.0203
19.7971
20.1319
19.8529
20.0203
19.8529
19.9645
19.9087
19.7971
19.8529
20.1319
20.3551
20.9131
20.4667
21.1363
21.0247
20.9689
20.5783
20.3551
20.1877
20.0203
19.9645
21.1363
20.8015
20.5783
20.1319
19.5181
19.4065
19.4623
19.4065
19.0717
18.9601
18.9043
18.9601
19.0717
18.9043
18.1789
18.1789
18.0115
18.1231
18.0115
18.1231
18.0115
18.0115
18.0115
18.0673
19.8529
19.9087
19.9087
19.6855
18.1231
18.1789
18.1789
17.7325
17.3977
17.4535
17.4535
17.5651
17.8999
17.8441
17.8441
18.3463
18.3463
18.2347
18.0115
17.5651
17.3977
17.2861
17.0629
17.0071
18.0115
18.0673
18.1231
18.1231
16.6723
16.5607
16.5607
16.5049
16.4491
16.3933
16.3375
16.4491
16.4491
16.5049
16.8955
17.4535
18.0673
17.9557
18.1231
18.1231
17.4535
17.4535
17.3419
17.5093
17.0071
17.0071
16.8397
16.7281
17.0071
16.9513
16.8397
16.6723
16.8955
16.8397
16.7839
16.8397
16.7839
16.7839
16.6723
16.6723
16.6723
16.7281
17.0071
16.8955
16.8397
16.7281
16.6723
16.6165
17.3977
17.4535
17.5093
17.2303
16.8955
16.8955
16.8955
16.8955
16.8955
16.9513
17.0071
17.2861
17.6209
18.6811
18.9043
18.7927
19.4065
20.1319
19.4623
20.0203
19.9087
19.4065
19.1833
18.7369
16.7281
16.7281
16.7839
16.8397
18.9043
18.9601
18.9601
19.0159
18.8485
19.0717
19.0159
19.1833
20.0761
20.5783
21.6943
22.1965
23.4799
23.2567
22.9219
23.7031
24.2053
22.5313
21.6943
21.4153
18.9601
18.9043
19.0159
19.1275
20.5225
20.1319
20.0203
19.7971
19.6855
19.6855
19.9087
20.4109
22.0849
21.9175
23.2567
24.2053
23.7589
24.6517
25.6003
23.2009
21.0805
21.1921
21.0247
20.4667
21.1363
20.9689
20.6899
20.5783
20.3551
20.4667
20.1319
20.2435
20.0761
20.0761
20.0203
20.3551
21.4153
22.0849
23.4241
23.5915
24.1495
24.5401
23.9821
24.3169
23.6473
23.1451
22.4197
21.9175
20.8573
20.6341
20.5225
20.2993
21.0805
20.9689
20.9689
21.0247
21.0805
20.6341
20.8573
21.1921
22.5313
23.2567
24.4285
24.0379
21.8617
20.8573
20.3551
20.4667
20.7457
20.5225
20.4109
20.4667
21.8059
21.3037
21.1921
20.9689
20.2435
20.1319
20.1319
20.0203
19.7971
19.7413
19.7413
19.8529
20.0203
21.1363
21.4153
22.3081
23.9263
23.9821
24.2611
24.2053
23.3125
23.0335
22.8103
22.3639
20.1877
20.0761
20.2435
20.2993
21.0247
20.8573
20.8573
21.0805
21.0247
20.8015
20.6899
20.9689
21.4153
23.0335
24.1495
24.5401
23.6473
24.4285
23.9263
24.4285
23.9263
23.3683
22.6429
22.2523
21.9175
21.6385
21.3595
20.9689
21.4153
21.2479
20.7457
20.4109
20.2435
20.4109
20.8573
21.4153
21.1363
20.6341
20.8015
21.1363
21.1921
21.4711
22.5313
21.5827
21.0805
20.6341
20.8015
20.5783
22.0849
21.6385
21.5827
21.6385
19.7413
19.5181
19.4065
19.3507
19.4065
19.2949
19.1275
18.5695
18.5137
18.5695
18.9601
18.9601
19.4623
19.1833
19.2391
18.8485
18.7927
18.9601
19.0159
19.0717
20.4109
20.2435
20.1319
19.9087
18.8485
18.7927
18.8485
18.7369
18.8485
18.7927
18.9043
19.1275
19.2391
18.9601
18.9601
18.9601
19.0717
19.0717
18.9601
19.0159
18.9043
18.8485
18.7927
18.9043
19.0159
19.0159
18.9043
18.9043
19.1275
19.1275
19.1275
19.1833
19.1275
19.1275
19.0717
19.1275
19.1275
19.1275
19.0717
19.1833
19.4065
19.4065
19.4065
19.4623
19.8529
19.7971
19.4065
19.1833
18.9601
19.0717
19.1275
19.1275
19.1833
19.0717
19.1275
19.2391
19.2949
19.2391
18.9601
18.4579
18.1231
18.1789
18.5695
18.7369
19.3507
19.0717
19.0159
18.7369
18.5695
18.7927
18.5137
18.4579
19.3507
19.2949
19.2391
19.2949
17.8441
17.7325
17.7883
17.8441
17.8441
17.6767
17.7883
18.2905
19.7413
21.3595
21.6385
22.8103
23.7589
23.3125
23.2009
23.0893
23.4799
21.9175
20.1319
19.6297
18.2347
17.9557
17.7883
17.8441
19.1275
18.4579
18.5695
17.8999
18.2347
17.8441
18.2347
19.9645
20.8573
21.4711
22.3639
22.4197
23.3683
24.3727
24.4843
24.0937
24.2053
22.5313
21.3595
21.3037
19.3507
19.2391
19.0159
18.9601
20.3551
20.3551
20.1877
19.7413
19.9087
19.9087
20.0203
20.0761
19.9087
20.4667
19.9645
21.4153
22.5871
23.4241
23.5357
22.6429
22.0849
21.9733
21.6385
21.5827
21.3037
20.6341
20.3551
20.2993
21.9175
21.8617
21.9733
21.9175
21.6385
21.6385
21.6385
22.8103
23.1451
24.5401
24.9307
25.5445
25.8793
24.7633
24.4285
24.0937
23.7589
23.4241
22.8661
22.5871
21.4711
21.4153
21.9175
21.6943
21.8059
21.7501
21.6943
21.6943
21.7501
21.6943
21.8059
22.8661
23.9263
24.3169
25.6003
26.4931
25.8235
26.7163
24.0379
20.6341
20.7457
20.6899
20.5225
19.6855
22.3639
22.3081
22.1965
22.1407
18.7369
18.5137
18.6811
18.4579
18.2905
18.3463
18.3463
18.8485
19.1833
19.9087
20.5225
21.6943
21.3595
22.8103
22.8103
22.0291
21.2479
20.7457
20.4667
20.1877
19.6297
19.4065
19.0159
18.9043
19.4065
19.0159
18.8485
18.5695
18.5695
18.2905
18.0673
18.1231
18.1231
18.1231
18.2905
18.4021
17.9557
18.0673
19.2949
19.1275
18.4579
18.4021
18.4021
18.1231
19.9645
19.7971
19.5181
19.5181
18.6253
18.7927
18.7369
18.5137
18.5137
18.5695
18.5695
18.7369
18.7927
19.0159
19.2391
19.6855
19.9087
20.0761
20.1877
20.8015
20.4109
20.2435
20.3551
20.6899
18.2347
18.2347
18.3463
18.5137
20.4109
20.2993
20.3551
20.1877
20.1319
20.0203
20.0761
20.2435
21.0247
21.4711
21.8617
23.0335
24.4285
23.9263
25.2097
24.0937
22.7545
23.4799
23.2567
22.8661
20.7457
20.5225
20.5783
20.4667
22.1407
22.0849
21.9733
22.0291
22.0849
22.0849
22.3081
22.8103
23.6473
24.7633
24.5959
25.9909
25.9909
26.4373
24.9865
24.1495
24.3727
23.9263
23.3683
23.0335
22.6987
22.4197
22.5313
22.3081
22.3081
22.4197
22.3639
22.3081
22.1965
22.0291
22.1407
22.4755
22.9219
24.0379
25.7677
25.0981
26.1025
26.9953
26.8279
25.9351
24.8749
24.0937
23.7031
23.2009
22.6429
22.6429
22.5871
22.4755
22.4755
22.3081
22.3639
22.3639
22.2523
22.2523
22.5871
23.6473
25.2097
25.7677
26.6047
26.6047
27.4975
27.3859
26.4931
22.1407
21.0805
21.7501
21.8059
21.7501
22.9777
22.7545
22.6987
22.4755
21.0805
21.0805
21.1363
21.1363
21.3037
21.2479
21.3595
21.7501
23.1451
23.7031
23.5357
25.6003
26.6605
24.2053
22.1407
22.6987
22.1965
21.7501
21.5269
20.7457
21.5269
21.5269
21.3037
21.2479
20.9689
20.9131
20.9131
20.8015
20.7457
20.8015
21.0247
21.2479
22.0291
22.6429
24.2053
25.4887
26.4931
26.6605
26.3257
26.6605
24.1495
21.9733
21.0805
20.9131
20.6899
20.8015
20.7457
20.8015
20.8015
20.8015
21.0805
21.0805
20.5225
20.5225
20.3551
20.4109
20.4109
20.7457
21.6385
22.7545
22.1407
24.1495
24.8749
24.4285
23.5357
23.2009
22.0291
21.9733
20.8573
20.6341
20.6899
20.6899
20.9131
20.9131
20.9689
20.9689
20.9689
20.8015
21.1363
21.4711
22.3081
22.8661
23.2567
21.8059
23.8705
25.9351
22.7545
21.8059
21.3037
21.0247
20.6341
20.3551
21.8059
21.7501
21.5827
21.6943
20.2435
20.2993
20.2993
20.2993
20.1319
20.2435
20.5225
21.1921
21.9175
22.4755
23.9263
24.3727
25.4329
26.4373
26.3257
26.2141
23.5915
22.9219
22.1407
21.9733
20.4109
20.7457
20.5225
20.2993
21.7501
21.6385
21.4711
21.3595
21.3037
21.1363
21.8059
23.3125
24.2053
24.7633
25.8235
25.4887
25.4329
26.3815
27.6649
26.8279
26.8279
25.6003
24.0379
23.6473
22.5313
22.5871
22.3639
21.8059
21.9733
21.9733
21.7501
21.7501
21.5827
21.4711
22.3639
23.4799
24.4285
24.5959
25.8793
26.7721
27.6649
26.6605
26.8837
26.7163
27.0511
26.6047
24.3169
23.9263
22.8661
22.8661
22.4755
22.2523
22.5313
22.1407
22.0291
21.8617
22.0291
21.8617
22.2523
23.6473
24.4285
25.4329
26.5489
27.7765
27.8323
28.5019
25.7119
24.8191
24.8191
24.2053
23.4241
22.1407
23.8705
23.3683
23.0335
22.8661
21.0805
20.9131
21.0247
21.1363
20.9689
21.1921
21.3037
21.4711
21.9175
22.5871
23.3683
24.9307
25.9351
26.4931
26.2141
22.6429
19.5739
19.4065
19.7971
20.0203
21.9733
21.4153
21.3595
21.2479
20.8015
20.8573
20.9131
20.8573
21.0805
21.0805
21.2479
21.6385
22.3081
22.6429
23.5357
24.4843
25.3213
24.9865
23.8705
25.0981
24.2611
24.0937
23.6473
23.2009
20.1319
20.5225
20.6899
20.8015
22.1407
21.9733
21.9175
21.8617
21.9175
21.8617
21.9733
22.1965
22.5313
22.9219
22.6429
20.9131
20.6899
21.4153
22.6429
22.2523
22.0849
21.4711
21.1921
20.6899
23.1451
22.8661
22.5313
22.3081
20.8015
20.8015
20.8573
20.7457
20.6341
20.5783
20.6899
21.4711
22.5871
24.4843
24.8749
26.2699
26.4373
25.4887
24.9865
26.5489
24.9307
24.5401
23.7589
23.5357
22.0291
20.5225
20.7457
20.6899
20.9689
21.0805
20.8573
20.7457
20.3551
20.5225
20.7457
22.1407
22.4755
24.2053
22.9777
23.5915
24.8749
25.2097
24.0937
25.7119
23.7589
23.5915
22.8661
22.5313
23.0335
23.0335
20.9131
20.8015
20.5225
20.6899
20.7457
20.6341
20.5225
20.4109
20.4667
20.9689
22.7545
24.1495
23.9263
25.0981
25.4329
25.0423
25.3771
25.2655
24.3727
23.2009
22.3081
21.9175
22.1965
21.8059
21.4711
21.0247
21.8059
21.6385
21.6385
21.5827
21.4711
21.4711
21.5269
21.4711
22.3081
22.3081
23.7031
23.6473
23.7589
25.0423
24.9307
24.8749
23.8147
22.9777
22.2523
21.8059
21.7501
21.6385
21.6385
21.5827
21.2479
21.2479
21.1363
21.1921
21.1363
21.1921
21.2479
21.4711
21.4711
22.3639
22.5871
21.9733
20.5783
20.8573
21.2479
21.3595
21.5269
21.6385
21.6385
21.4153
21.8617
21.4153
21.3595
21.4711
21.0805
21.0247
20.9131
20.8573
20.8573
20.8573
20.8573
21.1921
21.6385
22.1965
22.5871
23.2567
23.3125
24.0379
22.8661
21.9733
22.0291
22.2523
21.7501
21.3037
21.5269
21.3595
21.0805
21.1921
20.8015
20.9131
20.9689
20.9131
20.9131
20.9689
21.1921
21.9175
23.7589
25.1539
24.8749
25.7677
24.6517
26.2141
25.5445
24.8749
23.2567
22.8661
22.8661
21.1921
21.0805
21.0247
20.8573
20.8015
20.7457
20.6899
20.9131
21.0247
21.0805
21.0247
20.9131
20.6341
20.5225
20.5225
20.4109
20.6341
20.5783
20.9689
21.9175
20.9131
20.6899
20.7457
20.6899
20.5783
20.8015
20.8015
20.8015
20.6899
20.4667
20.7457
20.6341
20.7457
20.2993
20.4667
20.7457
21.5827
21.7501
23.1451
23.5357
22.8661
23.2567
22.4755
23.6473
22.8103
22.3639
22.1965
21.5827
20.6899
20.5783
20.5225
20.5225
20.5783
19.9645
19.9645
20.1319
20.0761
19.9087
19.6297
20.1877
21.4711
22.2523
22.0291
23.0893
24.0937
22.8661
23.1451
23.3125
23.3125
23.0335
22.3639
22.3081
21.7501
20.2435
20.1319
20.0761
20.4667
21.1363
21.4711
20.9689
21.1921
21.0805
21.0805
21.3037
21.4153
21.5269
22.3081
23.0335
23.4241
25.3213
24.8191
25.9351
26.1025
24.8749
24.0379
23.4799
22.4197
21.4153
21.6943
21.9175
21.7501
20.9131
21.0247
20.7457
20.7457
20.8573
20.8573
21.5827
22.8661
23.6473
22.5871
23.4241
23.3125
24.4285
24.5401
26.0467
25.1539
25.2655
24.5401
23.3125
22.6429
21.8059
21.5827
21.1921
21.1921
22.1965
22.1965
21.3037
21.3595
21.3037
21.2479
21.1921
21.2479
21.9175
23.0893
24.3727
24.7633
24.9307
23.9821
24.3727
23.7589
22.8103
22.7545
22.4755
22.2523
22.3639
22.2523
22.2523
22.4755
20.9131
21.1363
20.9131
20.9131
20.9131
20.8573
20.9131
21.2479
21.3037
21.8617
21.8617
22.1407
22.1965
21.9175
21.2479
21.4153
21.3037
21.5269
21.4711
20.8573
22.3639
21.5269
20.8573
20.8573
21.1921
21.1921
21.1363
21.1363
21.1363
21.1363
21.2479
21.5827
21.9733
22.7545
23.7031
23.5915
24.5959
23.7589
21.5269
21.4711
21.3037
20.6341
20.7457
20.8015
20.8573
21.1363
21.1363
21.0805
21.0805
20.9689
20.7457
20.7457
20.7457
20.8015
20.8015
21.0247
21.0805
21.6943
21.4711
22.1407
22.0291
22.5871
21.1921
21.9175
21.4711
21.2479
21.1363
21.0247
20.9131
21.1363
21.1363
21.1363
20.7457
20.8573
20.8015
20.8015
20.7457
20.6899
20.6899
20.9131
21.1921
21.2479
21.8059
22.5871
23.0893
23.0335
23.2009
23.0893
23.4799
23.3125
22.1407
21.8617
21.4153
20.9689
20.9131
20.7457
21.0805
21.1363
20.9131
20.8573
20.8015
20.6341
20.7457
20.7457
21.2479
20.4667
21.0247
22.3081
22.9219
23.5357
24.3169
24.3727
22.8103
22.7545
22.0849
21.8617
21.8059
21.9733
21.1921
21.0247
20.3551
20.1877
20.1877
20.1877
20.1877
20.1319
20.2435
20.4109
20.9131
21.0805
22.5313
23.1451
24.4285
24.3727
23.9263
23.8705
23.6473
23.1451
22.0849
21.4711
21.7501
21.7501
20.6899
20.4109
21.2479
21.0805
20.8573
21.0247
20.7457
20.7457
20.8015
21.5827
23.0893
23.6473
24.2611
23.4799
23.1451
22.4755
22.3081
22.7545
23.2009
22.6987
22.0849
21.6943
21.3595
21.3037
21.4711
21.3595
21.3595
21.1363
20.9131
20.7457
20.5783
20.7457
20.8015
21.5827
23.2567
22.5871
23.2567
23.4241
22.9777
23.0893
23.2009
22.6429
22.5871
22.3639
21.6385
21.3595
21.6943
21.8059
21.6385
21.5269
20.9689
21.1921
21.2479
21.2479
21.1363
20.9689
21.1921
22.1965
23.3683
23.7589
24.9865
24.7633
25.4887
23.9263
26.1025
25.2097
24.4285
23.7589
23.1451
22.6987
21.1921
21.4711
21.0805
20.9131
22.0849
21.8617
21.6385
21.5269
21.3037
21.3037
22.2523
23.1451
24.4843
25.2655
26.7163
25.2655
25.8235
26.1025
23.6473
25.0423
25.5445
23.6473
22.9777
22.4197
22.5871
22.4755
22.4197
22.1965
22.3081
22.3081
22.1965
21.6385
21.5827
21.5827
21.8059
22.4755
23.3125
24.3169
25.0423
25.0423
25.1539
25.9909
26.8279
26.3815
24.9307
23.0335
23.4799
22.9219
22.4197
22.3639
22.3639
22.4197
22.2523
21.9733
21.8059
21.5269
21.4711
21.1363
22.1407
23.4799
23.7589
23.4799
25.3213
26.0467
25.2655
26.3815
26.8279
26.4931
25.9351
24.3727
23.8705
23.0893
23.1451
23.1451
22.6987
22.1965
22.3639
22.0291
21.5827
21.3595
21.5827
21.3595
21.7501
22.9777
24.4285
25.8793
25.7677
22.5313
22.6987
23.8147
24.0937
24.2611
24.0937
23.5915
23.0893
22.4755
22.8103
22.8661
22.9219
22.8103
22.3639
22.1965
21.9733
21.7501
21.5269
21.6943
21.8617
23.7589
24.8191
25.3771
25.9909
27.2743
27.8323
26.2141
27.5533
27.3859
26.7163
24.9865
23.1451
22.6987
22.6429
22.5313
22.2523
22.3081
21.9733
21.8617
21.6943
21.6385
21.8059
21.9733
22.3639
23.0893
24.0379
25.0423
24.9307
25.6003
26.3257
27.6649
24.8191
26.1583
25.0981
24.7075
24.3727
23.8705
22.4755
22.2523
22.2523
22.1407
22.9219
22.6429
22.6987
22.6429
22.4197
22.4755
22.7545
22.9219
23.3683
24.5401
22.6987
23.1451
21.8617
22.9777
22.3081
21.8059
22.0849
22.0291
21.7501
21.4711
23.5915
23.4241
23.1451
23.0335
20.9689
21.0247
21.0247
21.0805
21.0247
21.0247
21.3037
21.2479
21.6943
22.2523
23.4241
23.9263
25.7677
26.1583
24.9307
25.0423
22.5871
22.2523
21.1921
20.9131
21.3595
21.3595
21.6385
21.3037
20.8015
20.7457
20.6899
20.6341
20.6341
20.5783
21.1363
22.2523
23.2567
23.7031
24.9865
25.4329
25.0981
24.5401
25.3771
25.0423
24.9865
23.8705
23.5357
22.7545
20.8015
21.1363
20.9689
20.9131
21.0805
21.0247
21.2479
21.3595
21.3037
21.3595
21.5269
22.0849
21.9175
22.1965
22.3639
23.0335
25.1539
25.2655
24.8191
24.8749
24.0937
23.3683
22.8103
22.4755
22.3639
21.8059
21.5269
21.1921
21.8059
21.6943
21.5269
21.6385
21.6943
21.6385
22.1407
22.8103
23.2009
23.5915
24.6517
24.4285
25.3771
26.3257
26.0467
24.7075
23.8147
23.7031
22.8661
22.2523
22.1407
22.0849
22.1407
22.0849
20.8015
20.5225
20.8015
20.4667
20.5783
20.8015
20.9131
21.6385
21.4711
22.6429
23.7589
23.9263
23.9263
24.4285
23.9821
23.0335
23.2009
20.9131
20.9689
21.1921
22.4197
20.3551
20.6899
20.8573
21.0247
21.0247
20.9689
20.9689
20.9131
21.0805
21.0805
21.0247
20.9131
21.2479
21.3037
21.7501
21.9175
21.9175
23.3683
22.9777
23.2567
21.7501
20.9131
21.0247
21.5269
21.2479
21.3037
21.0805
21.6943
21.6943
21.6385
21.9733
21.6385
21.4711
21.1363
21.1921
21.4153
21.7501
22.1965
23.7031
23.3125
24.3727
25.3771
24.9307
25.0981
24.4843
23.8705
23.5357
21.4153
21.4153
21.9175
21.9175
22.1407
21.9175
22.0849
21.9175
22.0291
21.5269
22.4197
23.5357
23.9263
25.0981
24.9865
25.7119
25.9351
25.8793
26.4373
26.0467
25.7677
24.7633
23.9821
21.9175
22.9777
22.6987
22.4755
22.1407
21.9175
22.3081
22.0291
22.0849
22.2523
21.9175
22.2523
23.6473
25.4329
25.9909
26.4373
25.9909
26.5489
26.7163
26.1583
24.3727
24.2053
22.8103
21.5827
21.3595
21.9733
22.3639
22.1965
22.1407
20.7457
21.1363
20.8573
21.1921
20.7457
20.9689
21.2479
22.0849
22.4755
22.6987
23.7589
25.1539
26.3815
22.2523
21.1921
21.3037
21.4711
21.4711
21.5269
21.4153
21.0805
20.9689
20.9689
20.8573
21.3595
21.3595
21.3037
21.4153
21.4711
21.3037
21.2479
21.2479
21.4153
21.7501
21.6943
21.2479
21.2479
21.3595
21.3037
21.1363
21.4711
21.6385
21.4711
21.0805
21.4153
21.4153
21.4153
21.3595
21.6943
21.8059
21.5827
20.9131
20.9131
20.9131
21.0805
21.1363
21.7501
22.1407
22.3639
21.3037
21.8617
22.1965
22.9219
23.0335
23.3125
21.0805
21.1921
21.0247
21.3595
21.6385
21.6943
21.6385
20.8573
20.8573
20.9689
20.9689
21.0247
21.0247
21.0805
21.3037
21.3037
22.0291
22.5313
22.4197
23.2009
23.2009
24.2611
23.4241
23.7589
23.3683
22.5871
22.6987
20.9131
20.9131
20.9131
20.9689
22.1407
21.9733
22.0291
21.9175
21.9733
21.9175
22.3639
23.3125
23.2567
23.8147
23.9263
21.1921
23.0893
24.3727
24.2053
23.3683
23.8147
23.4241
23.3125
22.9219
22.5871
22.5313
22.4197
22.3081
22.1965
22.1965
22.1407
22.0291
22.0291
22.0291
22.1965
23.2567
23.7031
25.0981
24.8191
23.9821
23.5357
23.4799
21.1363
22.4197
23.4799
23.2009
22.8103
22.2523
22.6429
22.6429
22.4755
22.3639
22.4197
22.3081
21.4711
21.3595
21.3595
21.4153
21.6385
21.9175
22.6429
23.9821
24.5959
25.4887
21.4153
22.1965
23.6473
23.9821
23.6473
23.3125
22.0849
22.0291
22.4197
22.4755
22.3639
22.3081
21.0247
21.2479
21.1363
21.0247
20.9689
20.9689
21.6385
23.3125
23.7589
25.6561
25.7119
25.8793
26.9395
26.8837
26.8837
26.8837
26.6605
25.7677
23.8705
22.9219
22.0849
21.6385
21.0247
20.8573
22.3081
21.8617
21.6385
21.5269
21.3037
21.3595
21.8059
23.4799
25.1539
26.3815
27.0511
27.2185
27.8881
28.1113
27.7765
28.3903
25.6561
25.5445
24.2611
22.9219
22.8103
22.4755
22.6429
22.5313
22.9777
23.0335
23.2009
23.0335
22.5313
21.0805
21.0247
21.5269
21.6385
21.5269
22.0849
22.4197
20.9131
21.1921
22.9777
21.5827
21.1363
21.2479
21.2479
20.9131
21.8617
21.8059
21.6943
22.1965
21.6385
21.4153
21.0805
21.1363
21.1363
20.8573
20.9689
21.5827
22.7545
22.4197
22.9777
23.5357
24.7633
23.8705
22.2523
24.1495
23.5915
22.3081
21.9733
21.5269
20.8015
21.1363
21.6943
21.6385
21.1921
21.6385
21.9733
21.6943
20.9689
20.7457
20.8015
21.9733
23.7031
23.9263
23.9263
23.5915
21.3037
22.1965
22.4755
22.7545
22.9219
23.9821
21.7501
21.5827
21.6943
21.4153
21.1921
21.1921
21.1921
21.3037
20.9131
20.8573
20.6341
20.6899
21.2479
22.8103
24.4843
24.8191
24.9865
25.4329
25.7119
26.2699
26.2141
26.1025
24.6517
24.3727
23.7031
22.3081
21.5269
21.5269
21.3595
21.4153
21.3037
21.2479
21.0805
20.7457
20.6341
20.5783
21.3595
23.2567
24.2053
25.6561
24.9865
26.1583
26.1583
26.7163
25.3771
26.2699
26.2141
25.3771
23.3125
22.7545
22.3081
21.9175
22.1965
22.0291
21.6385
21.5269
21.1921
21.5827
21.5269
21.0805
21.6943
23.8147
23.0335
23.5357
24.4843
25.7119
25.5445
26.6605
25.7119
23.7589
22.1407
22.5313
22.2523
21.9733
23.0893
22.4197
22.4197
22.1407
21.9733
22.0849
22.0291
21.0805
21.0247
21.0247
21.3595
21.4153
21.3037
22.4755
22.7545
24.2053
24.5401
24.2611
24.8749
23.8147
22.4755
22.1407
21.9733
21.4711
22.0849
22.0849
22.1965
22.1407
21.4153
21.5269
21.5269
21.4711
21.4711
21.3037
21.4153
23.4241
24.0379
25.0423
25.1539
26.2699
25.6003
26.0467
21.6385
24.0379
24.8749
22.6429
22.0849
21.8059
21.2479
21.4153
21.3595
21.3037
21.4711
21.3037
21.2479
21.6943
21.6385
21.7501
22.3081
23.0893
24.1495
23.9263
24.2611
24.9865
25.7677
25.7677
21.4153
24.0937
25.4329
25.1539
22.5313
22.2523
22.1407
21.5827
21.6943
21.3595
22.0291
22.1965
21.6385
21.2479
21.5269
21.5827
21.9175
23.2009
24.7633
24.8191
26.0467
26.3257
27.3859
26.3815
26.1583
26.9395
27.4417
25.6003
24.4843
23.9821
22.2523
22.6987
22.4755
22.1407
22.0849
22.0291
21.8617
21.6943
21.0805
20.9689
21.4711
23.5357
24.2611
25.0423
25.8793
26.5489
26.9953
27.2743
26.9953
27.9439
26.8279
25.6561
24.2611
23.8147
23.4799
22.9777
22.6429
22.3081
22.4197
22.1965
22.0291
22.0849
22.0291
21.8617
22.6429
23.3125
24.2611
25.3771
25.8235
26.5489
27.3301
27.3859
27.3301
28.3345
26.1583
25.3213
24.6517
23.9821
23.5357
23.0893
22.6429
22.5871
22.2523
22.0849
21.9733
21.9175
21.7501
21.5269
22.1407
23.3683
24.6517
24.8749
25.6003
26.6605
26.9395
27.4975
27.8881
27.2185
25.8235
25.8793
24.3727
23.8705
23.5357
23.0893
22.8661
22.5313
22.3081
22.1407
21.9733
21.8059
21.9733
21.8617
22.1965
23.0335
24.4843
25.2655
25.3771
26.9395
26.7721
27.5533
27.7207
27.3859
25.7677
24.2053
23.7031
23.3683
23.4799
23.0893
22.8103
22.5313
22.3639
22.1965
22.0849
21.9175
21.8059
21.8617
22.3639
23.8147
24.4843
24.9865
26.3815
26.3257
28.1113
28.0555
28.0555
27.3859
27.3301
26.8279
24.9307
23.9821
23.3125
23.3125
22.8103
22.4755
22.7545
22.6987
22.7545
22.6429
22.5871
22.6987
22.8661
24.4285
24.4843
27.2185
26.2699
27.1069
27.6649
27.9439
28.6693
28.1671
27.7207
25.9351
24.9865
24.4843
23.5357
23.3125
23.2009
22.9219
23.1451
22.8661
22.6987
22.4755
22.4197
22.3639
22.9219
23.3683
24.9307
25.1539
26.6047
27.0511
28.3345
21.5827
22.3081
23.0335
23.8147
23.5357
23.0893
23.0893
23.9821
23.8147
23.5915
23.3125
22.5871
22.5313
22.3081
22.4197
22.4197
22.3081
22.5313
22.7545
23.3683
23.9821
24.1495
24.8749
25.3213
24.7075
21.5269
22.1965
22.4197
22.3081
21.9175
21.6385
23.0893
23.2567
23.0335
22.7545
21.8617
21.8059
21.8617
21.9175
21.9175
21.9175
22.0849
23.4799
23.9263
25.2097
25.7119
26.4373
25.2655
25.8793
25.6561
24.2611
26.1583
24.2611
23.2567
22.5313
21.7501
21.9175
22.0291
22.1965
22.1965
22.2523
22.4755
22.3081
22.1407
21.6943
22.1407
23.9263
24.2053
25.7119
26.5489
27.2743
27.3859
28.5577
27.9439
28.2787
27.8881
26.8837
24.4285
24.0379
22.4755
22.3639
22.1965
22.3639
22.8103
22.5871
22.2523
22.1407
22.3081
21.6943
21.8617
22.0849
23.4241
24.3727
26.3257
26.9953
27.3301
27.7765
27.1627
25.0423
24.2611
24.1495
23.7589
22.9219
23.5357
23.0893
22.9777
22.9219
22.0291
21.8059
21.6385
21.5269
21.3037
21.4711
21.6385
23.2567
24.3727
25.7677
26.3257
27.4975
28.2787
27.3301
27.7207
27.6091
27.5533
26.1583
24.5959
23.9263
22.5313
22.4197
22.5313
22.3081
23.4241
23.4799
22.8103
22.3639
22.6429
22.4755
22.4755
23.5357
23.9821
24.7633
25.0423
26.8837
25.7119
27.9439
26.4931
26.5489
25.8793
23.9821
21.9175
21.8617
23.9821
23.6473
23.3683
23.1451
22.0291
21.6385
21.9175
21.9733
22.0849
22.1407
22.2523
22.4755
22.6987
22.9219
23.5915
23.4799
24.4285
24.2053
24.0937
24.0937
24.0379
23.8705
23.4241
23.6473
22.6987
22.6987
22.3639
22.0849
22.9219
21.9175
21.5269
20.6899
21.2479
20.6341
21.0247
21.3037
21.4153
21.6943
22.1965
21.8059
21.6943
21.4153
21.4153
21.5827
21.5269
21.4153
21.3037
21.3595
23.4241
23.3125
22.4755
22.8103
21.1363
21.1363
21.0805
20.9131
21.0247
21.0247
21.1363
21.3037
21.4153
21.6943
22.1965
21.8059
21.6943
21.4153
21.4153
21.5827
21.5269
21.4153
21.3037
21.2479
21.5827
21.7501
21.2479
21.4711
20.8573
20.8015
20.8015
20.7457
20.8015
20.8015
20.8015
20.7457
20.7457
20.7457
20.8573
20.9131
20.8015
20.5783
20.6341
20.5225
20.4667
20.8015
20.6899
20.6341
21.1921
21.0247
21.0805
21.0247
20.7457
20.6899
20.6899
20.7457
20.8015
20.8015
20.9131
20.9131
20.8573
20.7457
20.7457
20.8573
21.0805
21.1363
21.9733
21.3595
21.9733
21.5827
21.3037
20.9689
20.7457
20.8573
20.8573
20.8015
20.9131
20.8573
20.8573
20.6899
20.6341
20.7457
20.9131
21.0805
21.3595
21.5827
21.0805
21.5827
22.6987
23.2009
24.3727
24.3727
24.0937
22.4755
20.9689
20.9689
21.2479
21.1363
20.9689
20.9689
20.3551
20.4109
20.3551
20.3551
20.2993
20.2435
20.4667
21.7501
22.9219
24.5401
25.0423
25.5445
26.1583
26.3257
27.0511
26.9953
26.2699
24.8191
23.2009
22.6429
20.8015
20.5225
20.4667
20.4109
21.9733
21.4711
21.8617
21.8617
21.5269
21.1363
21.6385
23.0893
24.5401
25.7677
26.4373
25.8793
26.1025
27.7765
26.1583
27.1627
24.8191
25.1539
23.7589
23.2567
22.4197
22.3081
22.0849
22.1407
21.8059
21.6385
21.5269
21.3595
21.3037
21.0805
21.3037
23.1451
24.7633
25.3771
26.7721
26.4931
27.4417
27.7207
27.6091
26.1025
27.1069
25.4887
24.1495
23.5915
23.3683
22.8103
22.5313
22.1965
22.4197
22.3081
22.0291
22.0291
22.3639
22.3639
22.0291
22.6987
24.5401
26.2699
26.6047
27.7765
27.9439
27.4417
26.6605
26.9395
26.1025
24.1495
24.4285
23.7589
23.3125
23.0893
22.7545
22.6987
22.4755
22.4197
22.3081
22.5313
22.5313
22.1407
22.1407
23.9263
25.6561
26.9953
27.6649
27.8881
28.3345
28.1671
26.8279
26.9953
26.9395
25.3213
23.9821
23.7031
22.9777
22.8661
22.6429
22.4755
22.8661
22.6429
23.2567
22.5313
22.8103
22.5871
22.8103
23.2567
24.3169
26.3257
27.3301
27.1627
27.6649
27.4417
23.7031
24.9865
25.2097
25.0423
23.8147
23.3125
23.4241
23.3683
23.2567
23.0335
22.4197
22.5871
22.4197
22.6987
22.3639
22.0849
22.3081
23.0335
24.5959
26.2699
26.2699
26.7721
25.7677
26.1583
26.0467
25.4329
24.2611
23.6473
23.0335
22.8103
23.0335
22.9219
22.6987
22.4197
22.3081
22.1965
22.3081
22.1965
22.1965
22.2523
22.4197
22.1965
22.5871
22.7545
23.3125
23.4799
23.7589
23.2009
23.3125
23.0335
22.7545
22.7545
21.6385
21.1363
22.4755
22.4755
22.2523
22.1965
21.1921
21.0247
21.0805
21.1921
21.3595
21.5269
21.5269
21.9175
21.8617
22.3639
22.6429
22.7545
21.4153
21.1363
21.5827
21.8617
22.9777
23.0335
21.5827
20.9689
21.0247
21.0805
21.4153
21.1921
21.1921
21.0247
21.0805
21.1921
21.3595
21.5269
21.5269
21.9175
21.8617
22.3639
22.6429
22.7545
21.4153
21.1363
21.5827
21.8617
22.9777
23.0335
21.5827
20.9689
20.9131
20.9689
20.8015
20.8573
22.8103
22.2523
21.9733
22.0291
22.0291
21.9733
22.2523
23.5357
25.0423
26.1583
27.2743
27.1627
27.4975
27.7207
27.9439
27.6091
26.7163
25.7677
24.2053
23.3125
23.0893
23.0893
23.0893
23.0893
22.8661
22.3639
22.3639
21.9175
21.9733
22.0291
22.1407
23.0893
24.8191
26.3815
26.8279
26.7163
20.9131
23.5915
25.9909
24.5401
23.3683
22.4755
22.1965
22.3081
23.3125
23.2009
23.3125
23.3683
21.8059
21.6385
21.6385
21.4153
21.3037
21.2479
21.4711
22.3639
23.1451
23.9263
25.6003
25.9909
26.8837
21.1921
23.5357
24.5959
23.7031
22.6987
22.4197
22.2523
22.0849
21.8059
21.8059
21.7501
22.3639
22.2523
22.1407
21.9733
21.7501
21.8059
21.6943
22.7545
24.9865
25.2097
22.4197
22.1407
21.9733
24.6517
25.8793
24.1495
22.9219
21.1921
21.3595
21.1363
22.2523
22.5313
22.1407
22.2523
21.0247
21.4153
20.9689
20.8015
20.8015
20.6899
21.1921
22.1407
24.2611
24.8191
24.2053
25.7119
24.3169
25.4329
26.9395
25.8235
23.2009
22.8661
22.5871
22.1407
21.2479
21.2479
21.2479
21.1363
21.9175
21.3595
21.3595
21.3595
21.0805
21.0805
20.9689
21.4711
22.5313
23.5915
24.2053
25.2097
25.5445
25.0981
24.5959
24.8749
23.7589
23.3683
22.9219
22.5313
22.4197
22.4197
22.2523
22.1407
21.9175
21.9175
21.8059
21.8617
21.5269
21.4153
21.4711
22.0849
22.6987
24.0937
26.0467
26.9395
26.8279
26.3815
26.6047
24.8191
24.9865
23.9821
22.9777
21.9733
22.3081
21.9733
21.9175
21.9733
21.4153
21.5269
21.3595
21.3595
21.2479
21.1363
21.3595
23.3125
24.7633
25.2655
26.3815
27.1069
27.2743
27.6091
27.4975
27.6091
27.3859
26.0467
24.3727
23.8147
21.1921
21.2479
21.5827
21.5269
22.8103
22.8661
22.8103
23.0893
22.9219
22.8103
23.2009
23.5915
24.2611
23.7031
23.9821
26.2699
27.3301
21.2479
21.8059
23.3683
23.8705
23.5915
21.6943
21.9733
23.4799
23.3125
23.2567
23.2567
22.9219
22.8103
22.1965
21.6385
22.0291
21.6385
21.6943
22.0291
21.5269
22.5313
22.5871
22.9219
22.9219
22.0849
21.4711
21.6385
21.3037
21.6385
21.6943
21.3037
22.4197
22.5871
22.5871
22.8103
21.9733
21.8617
21.4153
21.3595
21.3595
21.3037
21.3595
21.5827
21.9175
22.1965
22.0291
22.9219
24.4285
24.2611
23.8705
25.6561
24.3169
25.3213
22.9777
22.4755
21.8617
22.0849
21.9733
21.8617
21.3595
21.2479
21.1921
21.2479
21.4153
21.0247
21.2479
23.3683
24.3727
25.0981
26.6047
26.5489
27.4417
28.2787
27.2185
26.7721
26.7163
25.0981
23.4799
23.3683
22.1407
22.0849
21.8059
21.6385
22.3639
22.1407
21.9733
21.9175
21.7501
21.3037
21.4153
22.9219
24.3727
25.4329
26.1583
27.5533
26.9953
27.1627
27.7765
27.4417
26.9395
24.9865
23.7589
23.4799
22.7545
22.4755
22.2523
22.2523
22.8103
22.5313
22.1965
21.8617
21.8059
21.6385
21.7501
23.2009
24.3169
24.8191
26.0467
26.9953
25.5445
26.9395
26.1025
21.8059
22.6429
22.3081
21.9733
21.5269
24.0937
23.8705
23.4799
23.0335
21.2479
21.1921
21.1921
21.2479
21.3595
21.3595
21.3595
21.6385
21.6943
22.4755
22.9777
23.9821
22.3081
23.3683
24.0937
22.9219
20.5783
20.6899
20.6341
20.5225
21.6385
21.4711
21.6943
21.3595
20.7457
20.8015
20.5783
20.6899
20.8015
20.9689
20.8015
21.5827
22.4197
24.4285
24.5959
22.9777
24.4843
26.0467
25.4887
24.5959
25.0423
23.0893
22.7545
22.5313
20.4667
20.5225
20.5225
20.8015
21.9733
21.7501
21.6943
21.5269
21.4153
21.4153
21.3595
21.8617
23.4241
24.3727
25.3213
25.4887
26.1025
25.7677
26.0467
26.3257
24.5401
24.5401
22.9219
22.5313
21.7501
22.0291
22.0849
22.0849
21.6385
21.5269
21.8617
21.8059
21.8059
20.9689
21.0247
22.8661
24.3169
24.5959
24.9865
26.4373
27.1627
26.1025
26.3815
26.7163
25.6561
25.0981
23.7031
23.2567
22.8103
22.0849
22.3081
21.8617
23.2567
22.9219
22.3081
22.3081
21.5827
21.8059
21.8059
22.5871
23.5915
24.8191
25.8235
26.0467
25.8793
27.1627
26.1025
26.8837
25.6561
24.0937
23.1451
22.9219
23.7031
23.7031
23.3125
23.0335
22.3081
22.0849
22.0849
21.9733
21.7501
21.7501
21.8617
23.4241
24.9307
25.7677
25.6561
26.4373
27.3301
27.3859
26.7721
27.1627
26.0467
24.3727
23.7589
23.0335
22.9777
22.7545
22.2523
22.1407
22.0291
21.7501
21.5827
21.5269
21.3595
21.0805
21.1921
22.8661
24.3727
25.7677
26.4931
27.2743
27.3301
26.3815
27.7765
27.1069
26.3815
24.9865
23.6473
23.3683
22.7545
22.4197
22.3639
22.0849
22.5313
22.6429
21.9175
22.0291
21.9175
21.7501
21.7501
23.0893
24.4285
26.0467
26.7721
26.4931
28.2787
26.9395
26.1583
27.3301
24.8191
24.5401
23.4241
23.1451
23.1451
22.9219
22.8661
22.5871
22.2523
22.0291
21.6943
21.5827
21.4153
21.5269
21.5269
22.4197
24.2611
25.4329
26.4931
27.0511
26.7721
27.3859
26.7163
26.7163
26.7721
24.5959
23.8147
23.5915
22.8103
22.8661
22.4755
22.3081
22.0291
21.9175
22.4755
22.0849
22.0849
22.1965
21.9733
20.8015
21.2479
22.0291
23.5915
25.6561
25.0981
23.6473
24.1495
24.7633
24.8191
22.5871
21.9733
22.1965
23.3125
23.1451
22.3639
22.2523
21.9733
21.5827
21.8059
21.1921
20.8015
20.8573
21.3037
21.4711
21.9175
21.8059
22.3081
21.2479
21.1921
23.3683
23.9263
23.5915
23.7589
23.5915
21.7501
21.0247
22.1965
21.9733
22.2523
22.2523
20.9689
21.3037
21.3037
21.3595
21.0247
21.0805
21.1921
21.4153
21.6385
21.4153
21.1921
22.8103
24.7633
24.3727
25.8793
25.3771
25.6003
23.2567
22.5313
21.9175
20.9689
20.6899
20.6899
20.8573
21.1921
20.8573
20.9131
20.6341
20.8015
20.4667
20.6899
21.5827
23.6473
25.3213
25.6561
25.6003
26.7721
27.6649
26.3257
26.6047
25.4887
23.5915
22.8661
22.6987
21.6385
21.4153
21.4711
21.1921
20.5783
20.5783
20.6341
20.6341
20.5783
20.6341
20.8015
20.9131
21.4711
22.4197
22.8103
23.4241
24.0937
24.3727
25.2655
25.0423
24.0379
23.3125
22.8103
22.4755
20.9689
20.9689
20.6899
20.6341
20.4667
20.4109
20.4667
20.5225
20.7457
20.7457
20.6899
20.6899
20.9689
21.1363
22.6987
23.5357
23.6473
24.0937
23.0893
23.9821
22.4197
21.1921
20.8573
20.7457
21.8059
21.4153
21.3595
21.0247
20.5783
20.5225
20.4109
20.4109
20.5225
20.4667
20.8015
21.8059
22.9219
22.6987
23.8705
24.9307
24.8191
23.9821
24.5959
24.8749
24.6517
23.8705
23.0335
22.5871
20.8015
20.8573
20.4109
20.3551
20.1877
20.0761
20.2435
20.4109
20.4667
20.6899
20.8573
21.5269
21.1363
21.9733
23.4241
22.9219
19.8529
19.8529
20.0203
20.1319
20.1877
20.1877
20.2993
20.2435
22.8103
20.5783
20.2993
20.2993
20.2435
20.2993
20.4667
20.4667
20.4667
20.5225
20.6899
20.9689
22.1965
24.0379
25.0423
25.7119
26.3815
27.7207
25.3771
25.0423
25.6561
23.5357
22.8103
22.3081
20.5783
20.4109
20.3551
20.2435
21.9175
21.7501
21.8059
21.4153
21.1363
21.0805
21.1363
22.3639
24.1495
25.0423
26.5489
26.1025
27.4975
27.8323
27.2743
27.3859
26.6605
24.2053
23.3125
22.8661
22.4197
22.1965
22.0291
21.9175
22.3081
22.1407
21.9733
21.8059
21.3595
21.3595
21.5827
22.5313
24.6517
25.6003
26.0467
25.4887
26.1025
25.7677
27.2185
25.8235
24.2611
24.0379
23.1451
22.6429
22.8103
22.9219
22.4755
22.5313
21.9733
22.0291
21.6385
21.5269
21.5827
21.5827
21.4711
22.1965
22.5871
24.0379
24.9865
25.4887
25.9909
26.3257
26.3815
26.1025
25.4887
23.8147
22.9219
22.5313
22.6429
22.4197
22.4197
22.1407
22.3081
21.7501
21.5827
21.4153
21.1363
21.1363
21.4153
23.1451
24.2611
24.3727
24.4285
25.8793
26.7163
27.1069
26.6047
26.7163
26.4373
23.8705
23.0893
22.7545
22.3639
22.6987
22.8103
22.4755
21.9175
21.8617
22.1965
21.5827
21.1921
21.0805
21.3037
22.3639
23.9263
25.4329
26.0467
26.2699
25.8793
23.3683
23.8705
22.9777
22.8103
22.6987
22.1407
21.8059
23.1451
22.9219
22.4755
22.5871
20.5225
20.2435
20.0761
19.6855
19.4623
19.4065
19.3507
19.4065
20.0203
20.8015
20.7457
19.5739
19.5739
19.5181
19.5739
19.7413
19.7971
19.8529
19.3507
18.5137
21.4711
21.0805
20.9131
20.5783
19.4065
19.4065
19.4065
19.1833
19.0159
18.7927
18.4021
19.1275
19.9087
20.6899
22.4755
23.9821
24.0937
24.5959
24.0937
24.1495
23.7031
21.3037
20.4109
20.0203
19.0159
19.4065
19.7971
19.5739
20.1877
20.1319
20.0761
19.9645
19.6297
19.3507
19.0717
20.5225
21.9175
22.6987
24.0937
24.6517
24.8191
25.0423
24.9865
24.8191
24.2611
21.4711
20.6899
20.4667
19.7971
19.5739
20.8573
20.4109
19.6297
19.7413
19.0717
19.0717
18.9601
18.6253
18.6253
20.2435
21.6385
22.3639
24.2053
24.5959
24.4285
25.1539
24.6517
24.4285
24.2053
22.1407
21.6385
21.3037
20.4109
20.1877
19.9645
19.7413
20.6899
20.2993
20.2993
20.0203
20.1319
19.6855
19.6297
20.4667
21.1921
22.3081
23.1451
23.7589
24.1495
23.9821
24.0379
24.1495
22.6987
21.7501
21.3037
21.0247
21.1921
20.9131
20.8015
20.6341
20.5783
20.5225
20.2993
20.1319
20.4109
20.3551
20.4109
20.4109
20.6899
22.4197
22.7545
23.5915
24.1495
24.3169
23.8705
22.6429
21.8617
21.7501
21.9733
21.5269
20.9131
20.6899
20.6899
20.7457
20.4109
20.1319
20.2435
20.3551
20.2435
20.2435
20.1877
20.4667
21.1363
21.5269
22.4755
22.5871
22.0849
22.2523
22.7545
22.4755
22.3081
21.9733
21.8059
21.5269
21.4153
21.1921
20.8573
20.7457
20.3551
20.5225
20.5225
20.4109
20.6341
20.4667
19.9645
20.2993
21.5269
22.4755
21.6943
22.4755
23.5357
23.2567
23.5357
23.2567
23.5357
22.5871
21.6943
20.9689
21.2479
21.3595
20.9131
20.6899
20.9131
20.8015
20.6341
20.4667
20.6899
20.8573
20.9131
21.6943
22.5313
23.7589
25.4887
25.4329
26.8837
25.2655
26.1025
26.0467
24.5959
23.2567
22.6987
22.4755
20.8573
20.8573
20.8573
20.8573
22.0291
21.8059
21.6943
21.5269
21.5269
21.3037
21.2479
22.3081
23.2009
23.8147
24.4285
25.8793
25.3771
26.2699
27.6091
27.1627
26.3257
23.7589
22.6429
22.4197
22.2523
22.5313
22.3639
22.3081
21.8617
21.5269
21.3037
21.1363
20.9131
20.8573
21.0805
22.2523
23.2567
25.2655
25.6003
26.4931
25.1539
25.9909
26.1583
25.8235
24.5401
23.5915
23.3125
22.8661
22.5313
22.1407
21.9733
21.7501
20.9689
20.9689
20.8015
20.8573
20.8573
20.8015
20.4667
20.6341
21.0247
21.5269
21.3037
21.7501
22.2523
22.6429
23.5915
23.2009
22.9219
22.0849
21.5827
21.9175
20.8015
20.9131
21.0247
21.0805
21.4153
21.2479
21.1921
20.8573
20.9131
20.6341
20.6899
21.5827
22.7545
24.0937
24.9865
25.6561
23.9263
23.1451
22.1407
23.0893
22.9777
22.8103
22.3081
22.5313
21.6385
21.4153
21.5269
21.6385
22.1965
22.1965
21.9733
21.9175
21.8059
21.4153
21.6385
22.1407
22.6429
24.1495
25.0981
25.9909
24.2611
24.5959
25.2097
25.1539
24.0937
22.8661
22.4197
22.5871
22.4755
22.5871
22.1407
22.5313
21.9733
21.7501
21.1363
21.2479
20.8573
20.9131
20.6899
21.4153
22.4755
23.2567
24.0937
23.9821
24.1495
24.7075
23.9821
24.3169
23.3683
22.6429
22.5871
22.4197
22.8103
22.0849
21.8059
22.0849
21.5827
21.1921
21.0247
20.6341
20.2993
20.2435
20.0761
20.5783
21.2479
21.5269
22.0849
23.0335
24.5401
23.9821
24.4285
23.8147
23.2567
22.2523
21.5269
21.2479
22.0291
21.8617
21.9175
21.7501
19.4065
19.0159
19.1833
19.5739
19.3507
19.3507
18.9601
20.1877
20.6899
22.0849
23.5915
24.1495
24.6517
24.8749
24.5959
24.3169
23.2009
20.7457
20.0203
19.7413
20.8573
20.1877
19.7971
19.6297
18.7369
18.6253
18.9601
18.6811
18.1231
18.2905
18.7927
19.4065
20.6341
21.5269
23.2567
23.7589
23.4241
24.0937
24.3169
24.0937
23.7589
20.9131
20.1877
20.1319
19.6855
19.1833
19.1275
19.0717
19.1833
19.1833
19.2391
18.6811
18.4579
18.4579
18.4579
19.6297
21.4153
22.6987
23.7031
24.2053
24.5401
24.1495
24.4843
24.2053
23.4241
20.9131
20.2435
19.9645
19.5181
19.7413
19.2391
19.0717
18.8485
18.9601
18.5137
18.4021
18.4021
18.0115
18.0115
19.1833
20.9131
22.5871
23.8147
24.3169
24.4285
25.0423
24.8191
24.5959
23.5357
21.4711
20.8573
20.5225
19.9645
19.7971
19.6855
19.3507
19.7971
19.7413
19.1275
18.9601
19.1833
19.2391
19.1833
20.1319
21.4711
22.3639
23.4799
24.4843
24.4843
24.7075
25.0981
24.6517
23.9821
21.7501
21.1363
20.8573
20.3551
20.2993
20.1319
20.1319
19.7413
19.6297
19.4065
19.4065
19.3507
19.2391
19.1833
19.6855
21.5827
23.2009
24.0379
23.9821
24.8191
24.7633
24.6517
24.3727
23.9821
21.8617
21.2479
21.0805
20.6899
20.4109
20.4109
20.2993
20.2435
19.9645
20.0203
19.7413
19.5181
19.4623
19.4065
20.1319
21.1363
23.2567
23.8147
24.2611
24.7075
24.8191
24.9307
24.5959
23.7589
21.9175
21.3037
21.5269
20.8015
20.6341
20.6341
20.2993
21.1363
21.2479
21.2479
20.2435
20.0761
20.0761
20.1877
20.3551
21.4711
23.0335
23.4799
24.3169
24.2053
24.7633
24.4285
24.0937
23.5915
21.6943
21.0247
20.9131
21.2479
21.4153
21.4711
21.8059
20.6341
20.4109
20.2435
20.2993
20.0761
20.1319
20.1877
20.6899
21.9733
22.3081
23.4241
24.2053
25.1539
25.2097
25.5445
24.8749
23.6473
22.1407
21.4153
21.3037
20.9131
21.3037
21.3595
20.9689
20.1877
20.5225
20.2993
20.2435
19.9645
19.6297
19.7971
20.6341
22.2523
23.8147
24.5401
24.8191
25.3771
25.3213
24.9307
24.2611
24.0937
22.6987
21.9733
21.8617
21.3037
20.6899
20.6899
20.4109
21.4711
21.1921
20.9131
20.8573
20.5225
20.2993
20.2435
20.5783
21.6385
21.5827
22.4755
23.4241
24.0937
23.7031
23.7031
23.0335
22.2523
21.5269
21.1363
21.0805
22.1965
22.1407
21.8617
21.6943
20.2435
20.2435
20.1319
20.1319
19.4065
19.0717
19.1275
20.0761
21.1363
22.9219
23.8705
23.9821
24.1495
24.3169
24.4285
23.7589
22.8103
20.9689
20.3551
19.9645
20.2435
19.9645
19.6855
19.6855
19.1833
19.0717
19.0159
18.8485
18.6253
18.4021
18.4579
19.1833
21.1921
22.5871
23.4799
23.8147
24.3727
24.6517
24.2053
23.8705
23.0893
21.2479
20.6341
20.2435
20.0203
19.9645
19.6297
19.5739
19.7971
19.6297
18.7369
18.7369
18.7927
18.5695
18.2905
19.0159
20.7457
22.1407
23.4241
24.4285
24.4285
24.7075
24.7075
24.0379
23.4241
21.6385
20.8573
20.6341
20.0203
19.9087
19.9645
19.6855
19.9645
19.7971
19.3507
19.0159
19.0159
18.8485
18.7369
19.5739
21.5269
22.8103
24.3169
24.9865
26.1025
25.0981
25.2097
24.9865
24.5401
22.0291
21.1921
20.9689
20.4667
20.4667
20.5225
20.0203
20.4109
20.0761
19.7413
19.5181
19.3507
19.2391
19.2391
20.0761
22.0849
23.3683
24.2611
25.3213
26.2141
26.4931
25.3213
25.3213
24.0379
21.9733
21.3595
20.9689
21.0805
21.3595
20.9689
20.5783
20.2993
20.1877
19.8529
19.5181
19.4065
19.1833
19.0717
20.1877
21.6943
23.2567
24.5401
24.6517
26.0467
25.9909
25.3213
25.6561
24.4285
22.1965
21.3037
21.1921
21.1921
21.1921
20.6899
20.9131
20.4667
20.6899
20.5783
21.0247
21.3595
21.0247
20.9131
20.9689
21.1363
21.3595
21.4711
21.7501
22.5871
22.5871
21.9733
22.7545
21.7501
21.2479
20.8573
20.5783
21.1363
20.7457
20.8015
20.6899
19.1833
18.7927
18.6811
18.2905
18.3463
18.4579
18.1231
18.8485
20.5225
21.6943
22.4197
22.8103
22.9777
23.1451
23.2009
22.8661
22.0291
20.0203
19.4623
19.2391
20.4109
20.1877
19.9087
19.6855
18.4579
18.4579
18.7927
18.6253
19.0159
18.9601
19.1275
19.3507
19.6855
20.4109
21.7501
23.4799
23.9263
22.2523
22.1407
22.2523
21.9175
21.1921
20.9131
20.3551
19.0159
18.7369
18.6253
18.7369
19.5739
19.1275
18.9043
18.9601
19.1275
19.2949
19.0717
20.0761
21.3595
21.5269
23.6473
23.5357
23.5357
24.0379
23.8705
23.5915
23.0335
21.4153
20.7457
20.4667
20.2435
20.6341
20.2993
20.1319
19.7971
19.7413
19.2949
19.2949
18.9601
18.6253
18.6811
19.4623
21.4153
22.9219
23.8705
23.7589
24.8191
24.2611
23.1451
23.4241
22.7545
20.8015
20.1319
19.8529
20.5225
20.1877
19.9087
19.7971
18.5695
18.6253
18.4021
18.2905
18.2905
17.9557
17.8441
19.0717
21.0805
23.3683
24.0937
24.4843
25.2655
25.0423
24.8191
24.5401
23.7031
21.3037
20.6899
20.4109
19.5739
19.3507
19.1833
18.9601
19.8529
19.5739
19.4065
19.2391
19.0159
18.9601
19.0159
20.1877
20.6899
22.5871
23.7589
23.9263
23.8705
24.3727
24.3169
24.2611
23.0893
21.3595
20.8015
20.6899
20.2435
20.0761
20.2435
19.9645
20.0761
20.3551
20.1877
20.0761
19.7971
20.1319
19.8529
20.1319
20.4109
20.8573
20.8573
22.3639
23.4241
23.1451
23.2567
23.2567
22.4197
20.9131
20.2435
20.0203
21.0247
20.2993
20.0761
20.2435
19.2949
19.1833
19.0717
18.9043
18.7927
18.7927
18.9043
19.2949
20.8573
22.7545
23.2009
23.7589
24.1495
24.1495
24.2611
23.6473
22.8661
21.4153
20.8573
20.5783
19.9087
19.6297
19.5739
19.2949
19.9087
19.4065
19.2391
19.2391
19.2949
19.0717
19.1833
19.7971
21.9733
22.4755
23.3125
24.5401
24.1495
24.4843
24.4285
23.8147
22.6987
22.0849
21.3037
20.8573
20.4109
20.2435
20.1319
19.9645
19.2391
19.2391
19.1275
19.1833
19.1275
19.1833
19.1275
19.0159
18.9043
19.1833
19.4065
20.3551
20.4109
20.1877
20.4109
20.2993
20.1877
20.0761
20.0761
20.1319
20.5783
20.7457
20.4109
19.2949
19.7971
19.6855
19.3507
19.4623
19.6297
19.6297
19.5181
19.9645
20.4109
22.3081
22.7545
22.5313
22.4755
23.1451
22.5313
22.6429
21.6943
21.1363
20.9689
20.8015
19.9645
20.0761
20.0203
19.7971
20.5783
20.2435
20.4667
20.4667
20.4109
20.4109
20.4667
20.5225
20.6341
21.1363
20.6341
20.8573
20.6899
20.8015
20.7457
21.0805
20.9131
20.8015
19.7413
19.7413
20.6341
20.6899
20.4109
20.4109
19.5739
19.5739
19.4623
19.4623
19.3507
19.2949
19.2949
19.1833
18.6253
18.7369
18.9601
19.0159
19.2949
18.8485
18.4021
18.1231
17.9557
17.6767
17.3977
17.2861
19.7971
19.7971
19.7413
19.5739
16.6165
16.5049
16.5607
16.7281
16.7281
16.8955
17.0071
17.6209
18.5137
18.4021
19.2949
20.5783
20.9689
20.8573
21.9175
20.9689
20.4109
18.2905
17.6209
17.1745
17.1187
17.1187
16.9513
16.8397
17.2861
16.6165
16.7839
16.5049
16.6165
16.2259
16.0027
16.8397
17.8441
18.7369
20.4667
20.6899
20.4109
20.8573
20.9689
20.3551
19.1833
16.9513
16.5607
16.6165
16.9513
16.7281
16.8397
16.7839
16.0585
15.8911
15.7795
15.6121
15.5005
15.3331
14.9983
16.2259
17.6767
19.5181
19.2949
20.2993
21.4711
21.9175
21.4153
21.1363
20.1877
18.4021
17.7883
17.7325
16.5607
16.5049
16.1143
16.0027
17.3419
17.5651
17.5093
17.3977
17.5651
17.4535
17.5651
17.8999
19.7971
21.3595
21.5269
21.8059
22.6429
22.8103
21.6943
21.6385
20.9689
20.3551
19.9087
19.6855
17.7325
17.5651
17.3977
17.3977
19.8529
19.5739
18.8485
18.1789
17.9557
18.0115
18.0115
18.1789
18.6811
20.4667
21.2479
21.8059
22.1407
21.3595
20.9131
20.3551
19.9645
18.7927
18.4021
18.4021
19.4623
19.4623
19.5739
19.3507
18.4021
18.4579
18.4021
17.4535
16.8397
16.7281
16.6723
16.1143
17.2861
18.4579
19.5739
20.9131
20.6899
21.4153
20.8573
20.2993
19.5181
18.6811
18.6811
18.5137
18.2905
18.6811
18.5695
18.4021
17.8441
17.8441
17.7325
18.0673
17.7325
17.9557
17.9557
18.2905
20.0203
21.2479
21.6385
22.5313
21.8059
21.6943
21.7501
21.8059
20.0203
19.2391
19.0159
18.5695
18.5137
18.2347
18.1789
18.1231
17.3977
17.6767
17.6209
17.8999
17.7883
17.5651
17.6209
18.1231
18.8485
19.2391
20.1319
20.0761
20.1877
20.2435
20.1319
20.2435
19.7971
19.5181
19.3507
19.1275
18.0115
17.7883
17.3977
17.1745
18.9043
18.7927
18.7369
18.6811
18.5695
18.4579
18.5695
18.8485
19.0717
19.5739
19.5181
20.8015
20.2993
20.2435
19.9645
19.5181
19.0159
18.9601
18.7369
18.7927
18.9043
18.9043
18.8485
18.7369
19.1833
19.5181
19.7971
19.9087
19.8529
19.8529
19.7413
20.1319
21.6385
22.0849
22.4755
23.0893
24.7633
25.0423
24.1495
23.1451
22.5313
21.9733
21.8617
21.9175
18.6811
18.6811
18.7927
18.9043
20.8015
20.8015
20.5783
20.3551
20.3551
20.2993
20.4109
20.8015
22.1965
23.3125
24.4285
25.0981
23.6473
24.4285
24.8191
24.9307
23.2567
22.5313
21.1363
19.8529
21.6943
21.3595
21.1363
20.9689
17.3419
17.1745
16.5049
16.3933
16.4491
16.2817
16.1143
15.9469
16.3375
16.7839
17.0629
17.5651
18.0115
18.4021
18.7369
18.7369
18.0115
17.6209
17.3419
17.0629
19.1833
18.6253
18.1789
17.9557
16.1143
16.2259
16.2817
16.2817
16.1701
16.1701
16.2259
16.3375
16.4491
17.3977
18.2347
19.5181
19.1833
19.2949
18.5137
18.5695
18.1231
17.5651
17.3977
17.5093
16.9513
16.5049
16.5049
16.0585
17.3977
17.6209
17.1745
17.1187
16.8397
17.0629
16.9513
17.7325
19.1833
19.5739
20.4109
20.2993
21.8617
21.2479
21.8617
21.2479
20.5225
19.1833
18.6811
18.5695
17.5093
17.3977
17.4535
17.3977
18.5137
18.3463
18.3463
18.0115
18.1231
18.2905
18.3463
18.7369
19.6297
20.0761
21.3595
21.2479
22.5313
22.2523
22.1965
21.4711
20.6899
20.1319
19.5181
19.4065
18.5695
18.3463
18.2905
18.1789
18.9601
18.7369
18.7927
18.7369
18.6253
18.5695
18.7369
19.0717
19.6855
20.0761
20.7457
21.4711
21.8059
21.4711
21.5269
22.2523
20.9689
20.1877
20.0203
19.9645
19.1275
19.2391
19.6855
19.1833
19.1275
19.2949
19.1275
19.5181
19.4623
19.2949
19.5181
19.6855
19.8529
19.9087
20.1319
20.0761
20.2435
20.4667
20.4109
20.0761
19.4065
19.0717
19.1275
18.7369
19.9645
19.6855
19.8529
19.4623
15.8353
15.7795
15.4447
15.3331
15.3331
15.3889
15.5005
15.7237
15.0541
15.1099
16.0585
17.2303
16.7281
17.5651
17.6767
17.6209
17.1187
17.1187
16.6723
16.5049
17.2303
16.8397
16.8397
16.2259
15.6679
15.9469
14.9983
14.7193
14.5519
14.4403
14.2729
15.3889
16.2817
17.6767
18.7927
19.6297
19.1275
19.2949
19.0159
18.7927
18.3463
17.4535
17.1187
17.2861
16.2817
16.0027
15.8911
15.7237
17.4535
17.5093
17.2861
17.3419
17.2861
17.2303
17.3977
17.5093
18.4021
19.7413
19.9645
21.3037
21.3037
21.1363
21.6943
21.3037
20.2993
19.5739
19.2949
19.1275
17.2861
17.5093
17.5093
17.5093
18.9601
19.1275
18.9601
18.8485
18.5695
18.6811
18.6811
18.6811
18.3463
18.5137
18.4021
18.4579
18.2905
18.2905
18.2347
18.2347
18.1231
17.9557
17.9557
18.1231
18.8485
19.0159
18.9601
19.0159
18.0115
18.0115
18.0673
17.9557
18.0115
18.1231
18.0673
18.0115
18.1789
18.3463
18.5695
18.4579
18.5137
18.7369
18.7369
18.7369
18.6811
18.7369
18.7369
18.7927
18.1231
18.2347
18.0673
18.0673
18.9601
18.9601
19.0159
19.0159
19.0159
19.1833
19.0717
19.4623
19.9087
21.0805
22.5871
24.0937
22.5313
23.4799
23.4241
22.8661
22.2523
21.8617
21.7501
21.6943
18.8485
18.9043
18.9601
18.9043
20.8573
20.9689
20.6899
19.4623
17.8999
17.7325
17.0629
17.1187
17.1745
17.7325
17.4535
17.8999
19.6855
19.9087
18.9601
18.0673
18.0673
17.1745
17.1745
17.0629
21.3595
21.1921
21.1363
20.9689
15.8353
15.1099
14.7751
14.8309
14.7751
14.7751
14.7751
14.7193
14.7193
14.9983
14.9983
15.2773
15.5563
15.7237
15.6679
15.5563
15.4447
15.4447
15.5563
15.6121
16.8397
16.5607
16.2817
15.9469
15.5005
15.6121
15.6121
15.6121
15.6679
15.7795
15.8353
15.9469
16.1143
16.2817
16.7281
16.8955
16.9513
17.0629
17.0629
17.0629
17.0071
17.0071
17.0629
17.1745
15.6121
15.5563
15.4447
15.5005
17.3977
17.3977
17.3977
17.4535
17.5651
16.6723
15.7795
14.9425
14.7193
14.4403
14.3287
14.4961
14.3287
14.1055
13.7707
13.8265
13.6591
13.7149
13.8265
13.8823
17.2303
17.2303
17.3977
17.3419
13.4917
13.2127
13.1011
13.1569
13.1011
13.1569
13.1569
13.3243
13.5475
13.7149
13.5475
13.5475
13.4359
13.4917
13.5475
13.7707
13.5475
13.4917
13.5475
13.6591
13.7149
13.6591
13.5475
13.4917
13.6033
13.6591
13.7707
13.8265
13.9939
14.0497
14.1613
14.3287
14.4961
14.6635
14.8309
15.0541
15.2773
15.4447
15.4447
15.6679
15.4447
15.4447
15.4447
15.4447
13.6033
13.6591
13.7149
13.6033
15.6121
15.5563
15.3889
15.4447
15.5005
15.5005
15.7237
15.6121
15.8911
16.2259
16.2817
16.8397
16.9513
17.1187
17.0071
16.7839
16.7281
16.3375
16.3933
16.2259
15.5563
15.5563
15.6121
15.6121
16.0027
16.0027
16.0585
16.1143
16.1143
16.2259
16.1701
16.2259
16.2817
16.2817
16.2817
16.2259
16.1701
16.2259
16.1143
16.0585
16.0585
16.0027
15.9469
15.9469
16.3375
16.1143
16.1143
16.0027
15.5563
15.6121
15.5563
15.5005
15.5005
15.5563
15.5563
15.6121
15.6679
15.6679
15.7237
15.7237
15.7795
15.8353
15.7795
15.8353
15.8353
15.8353
15.8353
15.7795
15.8353
15.6679
15.7237
15.6121
15.2773
15.1657
14.9983
14.3845
14.2729
14.2729
14.3287
14.2171
14.3845
14.9983
15.1099
15.8911
17.4535
17.2303
17.1187
16.8397
16.4491
15.7795
15.2773
15.3889
15.7795
15.7795
15.7237
15.5563
14.4961
14.4403
14.3845
14.3287
14.1613
14.1055
13.9381
14.1055
14.2171
14.2171
14.3845
14.7751
15.2215
15.2773
15.8353
15.7795
15.4447
15.2773
15.1657
15.1099
15.2773
15.1657
15.1657
14.8309
14.6635
14.6077
14.5519
14.1613
14.3287
14.3287
14.2729
14.3845
14.6077
14.6635
15.2215
15.1099
15.1099
15.1657
15.1099
14.9425
14.4961
14.2171
13.8823
13.9381
14.9425
14.8309
14.7751
14.7193
14.1613
14.0497
14.1613
14.2171
14.3287
14.4403
14.4403
14.4961
14.5519
14.6635
14.6635
14.7193
14.9425
15.3331
15.5005
15.5563
15.3331
15.1099
15.2215
14.8867
14.0497
13.8265
13.9939
13.9381
14.8867
13.6591
13.9381
13.3243
13.1569
13.2127
12.8221
13.4359
15.4447
16.4491
16.7281
17.7325
17.3419
18.0673
18.0115
17.3419
16.4491
15.9469
15.9469
15.9469
14.7751
15.7237
15.5563
15.4447
15.7237
15.8353
16.0027
15.8911
15.6121
15.6121
15.5563
15.6679
17.2861
18.9043
19.2949
19.4065
20.0761
20.1319
19.6855
19.7413
18.2905
16.8955
16.6165
16.5607
16.0585
15.7795
15.7795
15.6121
16.5049
17.0629
16.2259
16.1143
16.0027
15.8353
16.0027
15.4447
16.1143
16.9513
19.3507
19.9087
19.9087
20.2435
20.3551
19.9645
18.2347
17.0071
16.5607
16.7839
16.4491
16.1701
16.1143
16.4491
16.0027
16.1701
15.5005
15.1657
14.9425
14.9983
15.8353
15.8353
16.2817
17.1187
19.0717
19.0717
18.5137
19.4623
19.6855
19.5181
18.2347
16.5607
16.2259
16.3933
16.5607
16.1701
15.9469
15.6121
15.6679
15.2773
15.2773
15.6121
15.6121
15.8353
15.8911
16.0027
16.5607
16.8397
17.3419
17.7883
18.8485
18.5137
18.4021
18.2347
17.8999
17.2861
17.3977
17.3977
16.3375
16.0027
15.9469
15.8911
16.5607
16.3933
16.0585
15.7795
14.9425
14.6077
14.5519
14.4403
14.2729
14.5519
14.9425
14.8309
16.3375
15.6121
15.7237
15.3331
15.1099
14.8309
14.7751
14.6077
17.2303
17.0629
16.8955
16.7281
14.1613
14.1055
13.9939
14.0497
13.9939
13.8823
13.9939
14.0497
14.6635
15.5005
16.1701
16.2817
16.2817
16.8955
15.9469
16.2817
15.7795
15.3889
15.1657
14.9983
14.4403
14.3845
14.3845
14.2729
15.0541
14.9983
15.0541
15.0541
15.0541
15.1657
15.2215
15.4447
15.8911
17.1745
17.6767
18.6253
18.8485
18.5695
18.9043
18.2905
17.8999
17.5093
17.5093
17.1187
14.9983
15.1099
15.1657
15.0541
17.3419
17.5093
17.5093
17.5093
17.3977
17.2303
17.3977
17.3977
17.8999
18.6253
19.1275
19.0717
20.9689
20.6899
21.7501
20.8573
19.9087
19.2391
19.2949
19.2949
17.3419
17.2303
17.3419
17.2303
19.0159
18.2905
18.7927
18.7927
18.2905
18.0673
17.7325
17.8999
18.8485
19.5181
19.6297
22.1407
22.1407
22.1965
22.0291
21.8059
20.6341
20.2435
20.5783
20.5225
18.9043
19.0159
18.8485
19.0717
18.6811
18.6811
18.4021
18.1231
17.8999
18.1231
18.2905
18.2905
19.2391
21.4711
21.8059
22.5871
22.6987
22.9219
22.8661
22.1965
21.3595
20.1877
19.7413
19.3507
20.1319
19.6855
19.7971
19.0717
19.1833
18.9043
18.7927
18.5137
18.3463
18.1231
18.0115
18.0673
18.4021
18.5137
18.9043
18.6811
19.5181
19.4623
19.5181
19.0159
18.6811
18.5695
18.4021
18.2905
19.4623
19.4623
19.4065
19.1833
17.3977
17.1745
16.7281
15.8911
15.3331
14.9425
14.3287
13.8265
13.9939
14.0497
13.9939
14.1055
14.2729
14.1055
14.2171
14.7193
14.4403
13.9939
13.4917
13.2127
18.1231
17.8441
17.2861
17.3419
12.8779
12.7663
12.4873
12.2641
12.0967
11.9293
11.9293
11.9851
12.4873
14.3845
13.8823
13.4359
13.6591
13.5475
13.7707
13.3243
13.2685
13.2127
13.2685
13.3243
13.1569
12.9895
12.7663
12.9337
13.5475
13.5475
13.6033
13.6033
13.7149
13.8265
13.9381
13.9381
14.1613
14.3845
14.6077
14.7751
14.9425
15.2215
15.1099
14.8867
14.9425
14.8309
14.9425
15.0541
13.3801
13.3243
13.3801
13.4917
15.7237
15.7795
15.6121
15.6121
15.6679
15.6679
16.0027
15.8911
15.8911
16.5607
16.5607
16.6723
17.2303
16.8955
16.6165
15.8911
15.5563
15.3331
15.1657
14.8867
15.1657
15.2773
15.5005
15.5563
14.6635
14.5519
14.3287
14.1055
13.7707
13.6033
13.5475
13.4359
13.3801
13.5475
13.5475
13.5475
13.5475
13.5475
13.6591
13.8265
13.4359
13.1569
13.1011
12.6547
14.7193
14.6077
14.6077
14.6077
12.2083
12.0409
11.8177
11.7061
11.7061
11.7619
11.6503
11.6503
11.8735
12.3757
13.1011
13.6591
13.6033
14.4961
14.8309
14.2729
13.8823
13.1569
12.3757
12.2083
12.5431
12.4873
12.4315
12.3757
10.8691
10.6459
10.3669
10.1995
10.1995
9.9205
9.6973
10.0321
11.0365
11.8735
13.2127
14.4403
14.2729
14.9425
14.8867
14.5519
14.2171
12.5989
12.1525
12.1525
11.9851
11.7619
11.4829
11.2597
11.9293
11.7619
11.5945
11.4271
11.7619
11.5387
12.2641
11.9851
12.9895
15.1099
16.7281
16.7839
17.0629
18.0673
17.8441
17.6767
16.8397
16.0585
15.8911
15.8353
12.1525
11.8177
11.9851
11.7619
16.1701
16.0585
15.9469
15.8353
15.8911
15.7795
15.6121
15.6121
16.0585
16.2259
16.9513
18.0673
17.6767
17.6767
17.5093
16.8955
16.7281
16.3933
16.0027
15.2773
15.9469
16.1143
16.1701
16.0585
14.3287
14.2729
14.1055
14.1055
13.9939
13.9939
13.9939
14.1055
14.2171
14.3845
14.3845
14.2171
14.2729
14.2171
14.5519
14.3287
14.2729
14.1613
14.1613
14.2171
15.3331
14.5519
14.3845
14.3845
14.3287
14.3845
14.3845
14.4403
14.4403
14.4961
14.4961
14.6077
15.4447
16.0027
16.5049
16.7281
17.0629
17.4535
17.2861
17.0071
16.8955
16.6723
16.3933
16.5049
14.1613
14.1613
14.2729
14.2729
16.2817
16.2817
16.1143
16.1701
15.9469
16.0027
16.0585
16.1701
16.8397
17.2861
17.7325
18.1231
17.6209
17.1187
16.3933
15.6121
14.4961
13.2685
11.9851
11.7061
16.3375
16.5607
16.3933
16.3375
10.9807
10.9807
10.9807
10.8691
10.6459
10.5901
10.4227
10.4785
10.6459
10.9807
12.3757
12.4315
13.3801
12.9337
13.2127
13.3243
13.2127
12.6547
11.8735
11.5945
11.1481
10.8691
10.8691
10.9807
10.5901
10.5901
10.0879
9.6973
9.4741
9.4741
9.3067
9.6973
10.8691
12.5431
12.8779
13.9381
13.7707
13.8265
14.3845
14.3845
13.9939
12.0967
11.5387
11.3713
11.2597
11.0365
10.8691
10.8133