20100101
20101231
13.2685
13.3243
13.1569
13.1569
13.1569
13.1569
13.3243
13.3801
13.5475
13.7149
14.0497
14.3845
14.8309
15.4447
14.9983
14.7751
14.7751
14.5519
14.5519
14.6635
13.8823
14.0497
14.1055
13.3801
14.3845
14.2729
14.3845
14.3845
14.4403
14.3845
14.4403
14.4961
14.6635
14.8867
14.9425
14.8309
15.1099
15.2773
15.1657
15.1657
15.1099
15.0541
15.0541
15.0541
14.4403
14.6635
14.7193
14.4403
15.1657
15.2215
15.1657
15.1657
15.1099
14.8309
15.1099
15.1099
16.1701
16.5049
18.5137
18.7927
18.7369
18.3463
18.1789
17.7883
17.2861
16.6165
16.3933
16.2817
15.1099
15.1657
15.1657
15.2215
16.0585
15.8911
14.9983
14.9983
15.1099
15.1657
15.3331
15.1657
16.1701
16.5049
18.5137
18.7927
18.7369
18.3463
18.1789
17.7883
18.6253
17.8441
17.5651
17.3419
16.1143
16.0585
16.1143
16.0027
17.1745
16.4491
16.3375
16.5049
16.5607
16.5049
16.5049
16.5607
16.5607
16.5607
16.4491
16.4491
16.4491
16.2817
16.2817
16.2817
16.2259
15.8353
15.7237
15.6679
17.1187
17.0629
17.1187
16.9513
15.5563
15.6121
15.5563
15.1657
14.6635
14.0497
13.8265
13.6033
13.5475
13.4359
13.2685
13.3243
13.2685
13.2127
13.1569
12.8779
12.6547
12.5989
12.4873
12.4315
15.5563
15.5563
15.6121
15.6121
11.9851
11.9851
11.9293
11.8177
11.6503
11.3155
11.3155
11.3713
11.5945
11.8735
11.8177
12.1525
11.7061
11.6503
11.7619
11.7619
11.7061
11.8177
11.8735
11.8177
12.3199
12.1525
12.0967
12.0409
11.7619
11.6503
11.6503
11.5945
11.5945
11.6503
11.6503
11.6503
11.8177
12.3199
12.3757
12.3757
12.7663
12.5431
12.7105
12.9337
12.7105
12.2083
12.2641
12.1525
11.8735
11.8177
11.8177
11.7061
12.0409
11.9851
11.7619
11.4829
11.4829
11.4271
11.4829
11.5945
11.8177
11.9293
12.2083
12.3757
12.7105
13.3801
13.6591
13.7149
13.7707
13.3243
13.3243
13.3801
12.0409
11.9851
12.0967
12.0967
13.9939
13.8823
13.9939
14.1055
13.6033
13.8265
13.7707
13.8823
14.1055
14.1613
14.4961
14.4961
14.5519
14.4961
14.3845
14.2171
14.2171
14.1613
14.1613
14.2171
13.3243
13.3243
13.7149
13.8265
13.8823
13.6591
13.6033
13.3801
13.2685
13.0453
12.8779
12.7105
12.7105
12.8779
13.2685
13.7149
13.9939
13.9939
14.3845
14.1055
13.7707
13.6033
13.2685
13.1569
14.3287
14.2171
14.1055
13.9939
11.7619
11.6503
11.5387
11.1481
10.9249
10.9807
10.9249
11.0365
11.4829
12.8779
13.9381
14.6077
15.1099
15.2215
15.8353
14.9425
14.2729
12.6547
12.8221
12.7663
12.9337
12.7663
12.5431
12.1525
12.2083
11.7061
11.4829
11.3713
11.2597
11.2597
11.2039
11.3713
11.9293
12.7105
12.8221
15.3889
15.6121
15.2215
15.2215
14.8309
14.1613
13.8265
13.4359
13.1569
12.5431
12.4873
12.5431
12.6547
12.8779
13.1011
12.8221
12.8779
12.8779
12.7663
12.5431
12.7105
14.5519
15.1657
16.1143
16.4491
17.4535
17.5093
17.9557
17.6209
16.7839
14.4403
13.8823
13.9381
13.1011
12.9337
13.1569
13.3801
13.4359
13.8823
14.1055
14.2729
14.1613
14.0497
14.1613
14.1613
14.5519
15.1099
15.7237
16.8397
17.4535
17.0071
16.1701
16.2817
15.7795
15.6121
15.2773
15.3331
13.8265
13.5475
13.7707
13.3801
15.7795
15.2215
15.3331
15.3889
15.2215
15.0541
15.2215
15.2215
15.5563
15.6121
16.6165
16.8955
17.7883
17.3419
17.9557
17.8441
17.4535
15.7795
15.0541
14.7751
15.4447
15.3889
15.2773
15.2215
13.9381
13.6033
13.5475
13.3801
13.3243
13.1011
12.9895
13.3801
15.1657
16.7281
17.2861
17.5651
18.1789
18.9043
18.7927
18.5695
18.1231
15.9469
15.3331
15.3331
14.5519
14.3845
14.3287
13.9939
14.6077
14.6077
14.0497
13.9381
13.8265
13.7149
13.5475
13.8823
15.4447
16.5049
17.3419
18.4579
18.7369
19.0717
19.1833
19.1275
18.4021
16.6165
16.0027
15.6121
15.2773
15.1099
14.7751
14.6635
15.2215
15.0541
14.7751
14.5519
14.1055
14.2729
14.6077
14.8867
15.7237
16.7281
17.4535
17.8441
18.4021
18.9601
19.0159
19.1275
18.7369
18.1231
17.6767
17.5651
15.7795
15.5005
15.6121
15.3889
17.4535
17.5651
17.4535
17.5093
17.4535
17.3419
17.4535
17.6209
17.6767
17.8441
17.9557
18.2905
18.7369
19.1275
19.0717
19.1275
19.0159
18.6253
18.4579
18.2347
17.5093
17.4535
17.3977
17.5093
18.4021
18.2905
18.3463
18.3463
18.2347
18.3463
18.1789
18.3463
18.5137
18.4021
18.5695
18.5695
18.9601
19.2949
19.5739
19.1833
19.0717
18.9601
18.7927
18.7369
18.3463
18.3463
18.4579
18.4579
15.7237
15.5005
15.3889
15.3331
15.2215
15.0541
14.9983
14.8309
14.6077
14.4961
14.3845
14.3845
14.2171
14.1055
13.8265
13.6033
13.4917
13.3243
13.2685
13.1011
17.7883
17.0629
16.2817
16.0027
12.5989
12.5431
12.4315
12.2641
12.1525
12.2641
12.0409
12.0409
11.9851
11.9293
12.0409
12.2083
12.1525
12.4315
12.2641
12.1525
12.0967
12.0967
11.9851
12.0409
12.9337
12.9337
12.9337
12.7105
11.9293
11.8735
11.8177
11.8177
11.8735
11.9293
11.9851
12.0967
12.1525
12.2083
12.4873
12.4873
12.7663
12.9895
12.9337
13.1011
13.0453
12.9337
12.8779
12.9337
12.0409
11.9851
11.9293
11.9293
13.2685
13.3243
13.4359
13.5475
13.6591
13.7149
13.7707
13.8823
14.1055
14.3845
14.6077
15.5005
16.1701
16.0585
16.3375
17.0071
16.0585
15.9469
15.6679
15.3331
12.9895
13.0453
13.1011
13.1569
14.2171
14.2171
14.0497
13.8823
13.3801
13.4917
13.4359
13.5475
13.8823
14.8867
15.2773
16.2817
15.4447
15.5005
15.1099
15.2773
15.1657
14.8309
14.6077
14.4961
14.8867
14.4961
14.4403
14.3287
14.4403
14.4961
14.3845
14.3845
14.3287
14.3287
14.3845
14.3845
14.7193
15.2215
15.5563
15.9469
15.7795
16.0585
15.8911
15.6121
15.5005
15.3889
15.2773
15.3889
14.5519
14.6635
14.6635
14.6635
15.2773
15.1657
15.1657
15.1657
15.2773
15.5005
15.4447
15.5563
15.8353
16.1701
16.6723
17.3977
17.3419
18.7369
19.2391
19.8529
19.0159
17.6209
17.0629
16.8955
15.3889
15.3889
15.3331
15.3889
17.1745
17.1187
17.2861
17.4535
17.1745
17.3419
17.2861
17.2861
17.8441
18.6253
19.3507
20.5225
19.5181
19.6297
19.4065
18.7927
18.4021
18.2347
18.1231
18.0673
16.8397
16.7281
17.0629
17.0629
17.4535
17.3977
17.0071
16.9513
16.8955
16.7281
16.6723
16.7839
17.0071
17.7883
18.4021
18.5137
20.1877
19.7971
19.4623
19.5181
19.2391
18.4579
18.3463
18.1789
18.2347
18.1231
17.8441
17.5093
18.6811
18.3463
18.0673
17.9557
17.7325
17.6767
17.6767
17.7883
18.4021
19.0717
19.9645
21.4153
23.1451
22.6429
23.9263
23.8147
21.5827
20.9689
20.4667
20.2435
18.7369
18.8485
18.7927
18.6811
18.5695
18.3463
17.5651
17.1745
16.9513
16.7839
16.7281
16.9513
17.7883
17.7883
18.0115
19.0159
19.6855
20.6341
20.0761
20.2435
20.0761
19.1275
18.7369
18.6811
19.6297
19.2391
18.9043
18.5695
18.5137
18.5695
18.0673
18.0115
17.8999
17.7883
17.7325
17.8999
18.7927
20.3551
20.5225
20.2435
20.1319
20.4109
20.1319
19.9087
19.8529
19.8529
18.8485
18.7369
18.6811
18.7369
18.7369
18.6811
18.2347
18.1789
18.0115
17.9557
18.0115
17.8441
17.7883
17.7325
17.7325
16.8955
16.5607
16.3933
16.2817
16.2817
16.2259
16.0585
15.9469
15.7795
15.7237
15.6679
19.0717
18.7369
18.5137
18.3463
15.5005
15.3331
15.3889
15.3889
15.2773
15.2773
15.1099
15.0541
14.9425
14.9425
14.9983
15.0541
15.1099
15.0541
15.1099
14.9983
14.9425
14.9425
14.8867
14.8309
15.6121
15.6121
15.5563
15.5005
14.9425
14.8867
14.9425
14.9425
14.9983
14.9983
15.0541
15.0541
15.0541
15.1657
15.1657
15.3331
15.5005
15.6679
15.6121
15.6121
15.5563
15.5563
15.5005
15.6121
14.8309
14.9425
14.9425
14.9425
15.7237
15.8353
15.8911
16.1143
16.1143
16.0585
16.1701
16.2259
16.3933
16.5607
16.7281
16.7839
16.6723
16.9513
16.9513
17.0629
17.2861
17.3419
17.2303
17.2303
15.6121
15.6679
15.7237
15.7795
17.3977
17.3419
17.2861
17.2303
17.1187
17.1187
17.1187
17.1187
17.1187
17.1187
16.9513
17.1187
17.1187
17.2303
17.1745
17.1745
17.1745
17.1745
17.1745
17.1745
17.2861
17.3419
17.3977
17.3977
17.2303
17.1745
17.1745
17.1187
17.1187
17.1187
17.1187
17.1187
17.1187
17.3419
17.3977
17.5093
17.6209
17.7883
17.6767
17.5651
17.7883
17.6767
17.6767
17.7883
17.1745
17.1745
17.1745
17.1745
18.2905
18.3463
18.4579
18.4579
18.7927
19.0717
19.1833
19.4623
19.4065
21.1363
22.4755
22.7545
22.0849
21.1921
21.3037
21.0247
20.8573
20.8015
20.5783
20.4109
18.0115
17.9557
18.2347
18.2905
20.1319
20.2435
20.1319
19.9087
19.7971
19.7971
19.6855
20.1877
20.5783
20.9131
21.1363
21.8059
22.5871
22.3081
22.1965
21.5827
21.5269
21.1921
20.6341
20.2435
20.2993
20.3551
20.2435
20.1319
19.8529
19.7413
19.5739
19.2949
19.2949
19.2949
19.0159
19.0717
20.1319
22.0291
23.8705
23.3683
25.4329
24.5959
24.0379
24.1495
23.7031
22.1965
19.1275
17.9557
20.1319
20.0761
19.9645
19.8529
14.1613
13.7707
13.2685
12.8779
12.7663
12.5431
12.4315
12.3757
12.5431
12.7105
12.7663
12.7663
13.2127
12.9895
12.8221
12.4315
11.9293
11.6503
11.3713
14.2171
17.0629
16.1701
15.3889
14.5519
10.5343
10.5343
10.2553
10.2553
10.2553
10.2553
10.2553
10.2553
10.4227
10.5343
10.6459
10.8691
10.7575
10.8691
10.9249
10.8691
10.8691
11.0923
10.9807
11.0365
10.8133
10.5343
10.5901
10.5901
11.6503
11.6503
11.8735
11.8735
11.9293
12.0409
12.1525
12.3757
12.5989
12.7105
12.6547
12.9895
12.8221
12.9337
12.9337
12.7663
12.4873
12.4873
12.4315
12.2641
11.1481
11.2597
11.3155
11.4829
11.7061
11.5945
11.3155
11.2597
11.2597
11.0923
11.0923
11.0923
11.1481
11.5387
11.8177
11.7061
11.8735
11.7619
11.7061
11.5387
11.3713
10.9807
10.8691
10.7017
12.1525
12.0967
11.9851
11.8735
10.1995
10.1995
10.1995
10.1995
10.1995
10.1995
10.1437
10.2553
10.6459
11.0923
11.2597
11.2597
11.4271
11.5387
11.3155
11.3155
11.2039
10.7575
10.5901
10.7017
10.7575
10.5343
10.4227
10.2553
10.4227
10.4227
10.3669
10.3669
10.2553
10.1995
10.1995
10.1437
10.3111
10.8133
11.0923
11.2597
10.8691
11.4829
11.3713
11.4271
11.4829
11.4829
11.4271
11.3713
10.4785
10.5901
10.4785
10.4227
11.4271
11.3713
11.3155
11.2039
11.2597
11.1481
11.1481
11.1481
11.3155
11.3713
12.0409
12.4873
12.5989
12.2083
11.9293
11.8177
11.6503
10.7017
10.6459
10.4227
11.3155
11.3155
11.3155
11.4829
10.2553
10.3669
10.3111
10.1995
10.1995
10.3669
10.3111
10.4227
10.9249
11.7619
13.1011
14.0497
14.3845
14.3845
14.8867
15.4447
15.1099
13.1569
12.0967
11.6503
10.3669
10.4227
10.3111
10.1995
11.0923
10.9249
10.8133
10.6459
10.8691
10.4785
10.2553
10.8133
12.6547
13.6591
14.6077
15.3889
16.0585
16.4491
15.9469
15.6679
14.9983
13.9939
13.1011
12.8221
11.9851
11.8177
11.5945
11.3155
13.4359
13.4917
13.5475
13.5475
13.6033
13.6033
13.6033
13.7149
14.2729
14.7193
15.0541
15.1099
15.0541
14.9983
14.9983
14.4961
13.9939
13.8823
13.8823
13.8823
13.0453
13.1569
13.3243
13.3801
14.1613
14.3845
14.4403
14.3845
14.3845
14.4403
14.4403
14.6077
14.8309
15.2773
15.5005
15.8353
15.9469
17.8441
17.8441
18.2347
17.7325
17.1745
16.2817
16.2817
13.9381
13.9939
14.2729
14.1055
16.4491
16.5049
16.5049
16.6723
16.6165
16.3375
16.1143
16.3933
16.6165
17.0629
17.7883
18.4021
18.9601
20.0761
20.4109
20.0761
19.3507
18.7927
18.2905
18.2905
16.5049
16.3375
16.2817
16.5607
18.5137
18.5695
18.5695
18.3463
18.5695
18.6811
18.6811
18.9601
19.2949
20.1319
20.0203
20.6341
22.1407
21.6943
21.8617
21.3595
20.9131
20.6341
20.4109
20.1877
18.4579
18.7927
18.7927
18.7369
20.1877
20.0761
20.0203
20.0203
19.7413
19.6855
19.7971
20.0203
20.9131
22.1965
21.8617
22.8661
23.1451
23.5357
23.5357
23.6473
23.0335
22.0849
21.7501
21.4153
20.1877
20.2993
20.1877
20.1319
20.1319
19.9087
20.0203
19.7413
19.7413
19.1275
18.8485
19.0717
19.7413
21.8617
22.0291
22.9777
24.2611
24.0937
23.6473
23.4241
22.9777
22.0849
21.1921
21.0247
21.0247
20.6899
20.4667
20.2993
20.4109
20.2993
20.1877
19.7971
19.6297
19.6297
19.5181
19.7971
20.8015
21.6943
23.7589
24.2611
24.9865
23.9263
23.8705
23.3683
23.0335
22.1407
21.6943
21.0805
21.3037
21.0247
20.6899
20.5225
20.6899
20.5783
20.5783
20.5225
20.2993
20.2993
20.0761
20.4109
20.8015
21.1921
21.7501
22.6987
23.7031
25.3771
24.5401
23.5357
23.3683
22.2523
21.4711
21.2479
21.3595
21.0805
20.6341
20.6899
20.4667
20.4667
20.3551
20.2435
20.2435
20.2993
20.4109
20.6341
21.4711
22.8103
22.5313
21.7501
22.5871
23.9821
22.4755
22.5313
22.3639
19.3507
18.9043
19.6297
21.0805
20.9689
20.8573
20.8015
20.5783
20.4109
20.4109
20.4109
20.3551
20.4667
20.4109
20.2435
20.4109
20.8015
22.2523
21.5827
21.5269
21.4711
21.4711
22.1407
22.0291
21.8059
21.4153
21.2479
20.4109
20.4667
20.3551
20.5225
20.8015
20.6899
20.8015
20.9131
20.9131
20.8015
20.6899
20.9689
21.4153
21.3595
21.9733
22.6429
24.2053
23.1451
22.9219
22.8661
23.0893
22.3081
21.9175
21.6943
21.2479
21.1921
20.6899
20.6899
21.0805
20.9131
20.9131
20.6341
20.8573
20.8015
20.6899
20.8573
21.0805
21.3595
21.4153
22.0291
22.6987
22.0849
22.5871
22.4197
22.1407
21.8059
21.6385
21.3037
21.4711
21.1921
21.1921
21.1921
21.3037
21.3037
21.3037
21.1921
21.3037
21.1921
21.1921
21.2479
21.3595
21.7501
22.0849
23.3683
23.7031
23.7589
23.9821
22.7545
22.4197
21.8617
21.5269
21.3595
21.1921
21.2479
21.1363
21.1921
20.4667
20.3551
20.2993
20.1877
20.1877
20.2435
20.0761
20.6899
21.3595
22.0849
21.4711
21.4711
21.4153
21.7501
21.4711
20.9689
18.9601
17.8999
17.5093
16.8397
21.1921
20.9131
20.7457
20.4667
15.2773
15.0541
14.8309
14.3287
14.3845
14.1613
13.8265
13.7707
13.9381
14.1055
14.2729
14.1613
14.4961
13.8265
13.8265
13.8265
13.8265
13.5475
13.4917
13.3801
16.3375
16.0585
15.8911
15.5563
12.8779
12.8779
12.6547
12.7105
12.7663
12.7105
12.7105
12.8221
12.7663
12.8221
12.8779
12.8221
12.8779
13.0453
13.2127
13.0453
12.7105
12.5989
12.4315
12.3199
13.2127
12.9895
12.9895
12.8779
11.5387
11.4271
11.1481
10.9249
10.9249
10.7575
10.7575
10.9249
11.2039
11.7619
12.6547
13.3243
14.2729
14.9983
14.4961
13.8823
13.7707
13.2685
12.7105
12.4873
12.2083
11.9851
11.8735
11.7619
11.0923
10.7017
10.4227
10.1437
10.3111
10.3111
10.2553
10.9249
11.7619
13.3243
14.4403
15.1657
15.9469
15.9469
16.2259
16.1143
15.7795
14.4403
12.8779
12.4873
12.0409
11.5945
11.4271
11.3155
12.0967
11.8177
11.8735
11.8177
11.7061
12.2083
12.3757
12.9895
14.6077
16.1143
17.1745
17.6209
18.2905
19.4623
18.9601
18.9601
18.8485
16.6165
15.1099
14.8309
12.6547
12.7105
12.8221
12.3757
14.9983
15.1099
15.1657
15.2773
15.2215
15.1657
15.3331
15.5563
15.6679
15.9469
15.9469
15.8911
15.6679
14.9425
14.8309
14.7751
14.7193
14.8309
14.7751
14.8309
14.8867
14.7193
14.9983
15.0541
15.1099
15.1657
15.1657
15.1657
15.2215
15.2773
15.3331
15.3331
15.5563
15.7795
15.7795
15.8353
15.8911
15.9469
16.0027
16.1143
16.1143
16.0585
16.1143
16.2817
14.9425
14.9983
14.9983
15.0541
16.8397
16.7839
17.1745
17.2861
17.3977
17.3977
17.4535
17.5651
17.7325
17.9557
18.1231
18.4021
19.1833
19.6855
20.8573
21.1363
21.0805
21.0805
20.9689
20.9689
16.3375
16.5049
16.5607
16.7281
20.1319
19.4065
19.3507
19.3507
19.2391
19.1833
19.1833
19.4065
20.1319
19.9087
20.6899
21.6943
21.3037
20.8573
21.0247
21.4153
21.1363
19.6297
18.6253
18.2905
20.8573
20.6341
20.2435
20.2993
16.8397
16.5607
16.2259
16.0585
15.6121
15.2773
14.8867
15.0541
15.3331
15.6121
16.0027
17.2303
17.3977
17.7325
16.6723
16.9513
16.8955
16.2259
16.0027
15.6679
17.9557
17.6209
17.3419
17.0629
15.7795
15.6679
15.7237
15.6679
15.6121
15.6121
15.7237
15.8911
15.9469
16.0585
16.1701
16.5607
16.8397
16.6165
16.6723
16.7839
17.0629
17.0071
16.5607
16.5049
15.7795
15.9469
15.7237
15.6679
16.0027
15.9469
16.1701
16.2259
16.1143
16.2259
16.2817
16.6165
17.8441
20.0761
20.4667
21.3595
20.9689
20.6341
20.5783
20.6899
20.6899
19.8529
18.6253
18.5695
16.4491
16.5049
16.6165
16.3933
17.6767
17.6209
17.5093
17.2303
16.9513
16.7281
16.6723
17.3419
18.9601
20.1877
21.1921
22.3639
21.8617
22.4197
22.0849
21.9175
21.3037
20.7457
20.1877
19.7971
18.7369
18.6811
18.0673
17.7325
17.7325
17.7325
17.6209
17.2303
17.0629
16.8397
16.9513
17.5093
18.3463
18.6811
18.2905
20.5225
20.3551
21.2479
21.7501
21.8617
20.8015
20.2993
19.7413
19.5739
19.6855
19.4623
18.9601
18.5695
19.0717
18.9043
18.2905
18.0673
17.9557
17.6209
17.5651
18.3463
19.5181
20.9689
22.3081
22.6429
22.3081
22.5871
22.6429
22.6987
22.3639
20.8015
20.2993
19.9087
19.3507
19.4065
19.1833
19.2391
19.2949
19.1275
19.0159
18.7369
18.4021
18.2347
18.4021
18.9043
19.8529
21.6943
22.4755
23.1451
23.7589
23.1451
23.3125
22.6987
21.7501
21.3595
20.9689
20.8015
19.4623
19.9645
20.1877
19.7971
18.6253
18.3463
18.5137
18.6811
18.6253
18.6811
18.9043
19.6297
20.6899
22.2523
22.9219
23.7031
23.2009
23.8147
21.8617
21.4711
21.2479
20.9131
20.7457
20.2993
20.5225
19.7971
19.4623
18.8485
19.7413
19.6855
19.5739
19.3507
19.5181
19.4623
19.5181
19.7971
19.8529
20.7457
21.7501
21.8617
21.8617
21.7501
20.4109
19.5181
18.9601
18.4021
17.2303
16.5049
20.0761
19.5739
19.6855
19.7413
14.2729
14.2171
13.9939
13.8823
13.8265
13.7149
13.6591
13.8265
14.3845
15.2773
16.2259
16.3375
17.3419
16.8955
17.0629
17.7325
16.9513
16.5607
16.2817
16.0585
16.0027
15.5563
14.6635
14.3845
15.1657
15.0541
14.7193
14.7751
14.3287
14.4403
14.4403
15.1099
15.8353
16.3375
16.8397
18.6253
19.2949
19.5739
19.5181
19.5739
18.6811
16.9513
15.6121
15.1657
15.6679
15.4447
15.2215
15.1099
14.9425
14.8309
14.3845
14.1055
14.8867
14.5519
14.7193
15.1657
16.0027
16.2259
17.5651
17.7325
17.4535
17.6767
17.6767
18.0673
17.8999
17.2861
16.8397
15.8353
14.9425
14.7193
15.3331
14.7751
14.5519
14.9425
14.6635
14.6635
14.6635
14.2171
14.5519
15.7237
17.5651
19.0159
19.9087
20.9131
21.3037
21.4153
21.5827
21.3595
20.8015
18.9601
17.5651
17.1745
15.2773
15.1099
15.1099
14.9983
16.4491
16.5607
16.0585
15.5005
15.4447
15.4447
15.2215
16.5607
18.0115
19.9087
20.8015
20.9131
21.4711
22.0291
21.4153
21.2479
20.1877
19.2391
18.5695
17.8441
17.0629
16.9513
16.6165
16.5049
17.2861
17.1745
17.0629
15.8911
15.9469
16.1701
16.2817
16.6165
17.0629
17.3419
17.5651
17.6209
17.8999
17.8999
17.6209
18.0115
17.4535
16.9513
17.0629
17.0629
18.0115
17.9557
17.7325
17.3977
17.6209
17.3419
17.6767
17.0629
17.1187
17.1745
17.5651
18.0115
18.3463
20.5783
20.2435
21.3595
21.1363
22.9777
23.0893
21.4153
21.4711
20.8015
20.4667
20.8015
17.1745
17.3977
17.4535
17.5093
19.6855
19.6297
19.1833
19.1833
19.1275
18.9601
18.9043
19.0159
19.6297
20.7457
21.8059
22.7545
23.7589
22.3081
22.1965
22.6987
22.2523
21.5827
20.9131
20.8573
20.1877
19.7971
19.7971
19.9645
17.4535
17.0629
16.6723
15.7795
15.5563
15.5563
15.6121
15.7795
15.8911
15.9469
16.3933
16.2817
16.3933
16.2817
16.2259
16.2259
16.3375
16.2817
16.2259
16.3375
20.8015
20.6899
20.0761
18.2347
16.0585
15.9469
15.8911
15.7795
15.5563
15.5563
15.6121
15.7795
15.8911
15.9469
15.7795
15.8353
15.8911
15.7795
15.9469
15.8353
15.6679
15.7237
15.7237
15.7237
16.0585
16.0585
16.1143
16.0585
15.8911
15.8911
15.9469
16.0027
16.0585
16.1701
16.2259
16.3375
16.4491
16.6165
16.8397
17.0071
16.9513
17.0071
17.1745
17.0629
17.0629
17.0629
17.1187
17.1187
15.7795
15.7795
15.8353
15.8911
17.2303
17.2861
17.2861
17.3977
17.5093
17.4535
17.6767
17.6767
17.8999
18.1231
18.0673
18.1789
18.3463
18.6811
18.4021
18.5137
18.4579
18.4579
18.4021
18.5137
17.1745
17.2303
17.2303
17.2303
19.0159
19.0159
19.0717
19.0717
19.0717
19.0159
19.0159
19.1275
19.1833
19.2391
19.4065
19.6297
19.9645
20.4667
20.9689
20.8015
20.3551
20.2435
20.1877
20.0203
18.6811
18.7369
18.9601
18.9601
18.7369
18.5137
18.3463
18.2905
18.3463
18.2347
18.1231
18.2905
18.6811
18.7927
19.1833
18.6811
17.8441
17.7325
17.5093
17.2303
17.1187
16.8397
16.7839
16.7839
20.0761
19.7971
19.1833
18.8485
16.2259
16.2259
16.0027
16.0027
16.0585
16.1701
16.0027
16.1701
16.0027
16.0585
16.2817
17.1745
16.5607
17.4535
16.5607
16.7839
17.0071
16.7839
16.6165
16.4491
16.7281
16.5607
16.4491
16.3933
16.3375
16.1701
16.0585
16.0585
15.9469
15.8911
15.8353
15.7237
15.9469
16.0585
16.3375
16.7839
17.2303
17.5651
17.5093
17.7325
17.3419
17.0071
16.8397
16.9513
16.4491
16.3375
16.1701
16.2259
16.8397
16.7839
16.8397
16.8397
16.8955
16.9513
17.0071
17.1745
17.2861
17.5093
17.5651
17.6767
17.6767
18.0115
18.0115
18.0115
18.0115
18.1231
18.2347
18.3463
16.9513
16.9513
17.0071
16.9513
18.6253
18.6811
18.6811
18.6811
18.7927
18.9043
18.9601
19.0159
19.1275
19.2391
19.5739
19.6855
19.8529
20.1319
21.0247
21.5269
21.7501
21.6943
21.1921
21.0247
18.4021
18.5137
18.5137
18.6253
20.1319
20.0203
19.8529
19.7413
19.6855
19.6855
19.7971
20.1319
20.4109
20.6899
20.9131
21.5827
22.0849
22.3639
22.4755
22.2523
22.3081
22.3081
21.8617
21.6385
20.9131
20.6899
20.7457
20.1877
20.5225
20.1877
20.4667
20.3551
20.3551
20.2435
20.2993
20.4667
20.6341
19.7413
19.9087
19.3507
19.0159
19.0159
18.5137
17.9557
17.3419
17.2303
17.1745
17.0629
21.4153
20.5783
20.4109
20.2435
16.2259
16.1701
16.1143
16.1701
16.1701
16.1143
16.1701
16.2259
16.2817
16.5607
16.7281
16.7839
16.9513
17.1187
17.1745
17.2303
17.1745
17.1187
17.1745
17.1745
17.0071
17.0071
16.7281
16.3375
15.2773
14.9983
14.7751
14.6077
14.2729
14.1055
13.9939
13.8265
13.6591
13.5475
13.8265
13.4359
13.2685
13.2685
13.2685
13.0453
12.8779
12.8221
12.9337
12.8779
16.8397
16.4491
16.0027
15.6121
13.1011
13.2127
13.2127
13.1569
13.2685
13.4359
13.4917
13.7149
14.0497
14.9983
14.7193
14.6635
14.9983
15.2773
15.6679
15.6121
15.2215
15.0541
14.8867
13.9102
12.9337
12.9337
12.9895
13.0453
14.3845
14.4403
14.4403
14.4961
14.6635
14.6635
14.6635
14.7193
14.9983
15.2773
15.6121
16.4491
16.7839
17.2303
16.9513
16.8955
16.5049
16.2259
16.0027
16.0027
15.6121
15.2215
14.9983
14.2729
16.1701
16.2817
16.3375
16.2817
16.3933
16.3933
16.5049
16.6723
16.8955
17.1187
17.3419
17.5651
17.7883
17.8441
17.9557
17.9557
17.8999
17.6209
17.5651
17.6209
16.0585
16.0585
16.0585
16.1143
17.7325
17.6767
17.8441
17.6209
17.7883
17.8441
17.8441
17.9557
18.0673
18.2905
18.6811
19.2949
20.5225
20.7457
19.7413
19.6297
19.4623
19.4065
19.4065
19.2391
17.6767
17.7325
17.7325
17.7325
19.2391
19.3507
19.2949
19.2949
19.3507
19.3507
19.3507
19.4623
19.7413
20.1319
20.4109
23.7589
22.6987
22.7545
23.5357
22.9219
22.8661
22.4197
21.5269
21.2479
19.4065
19.3507
19.1833
19.2391
21.2479
21.4711
21.3595
21.0805
20.9131
21.3595
20.9131
21.6943
21.9175
22.4755
22.2523
23.2567
23.1451
23.3125
22.3081
19.6297
20.3551
20.6341
20.8573
20.9131
21.2479
21.4153
21.5827
21.2479
20.6899
20.6341
20.4667
20.5783
20.5783
20.3551
19.8529
19.2949
19.3507
18.1789
17.5651
17.2303
17.3977
17.4535
17.3977
17.5651
17.6767
17.6767
17.5651
17.4535
20.9689
20.9131
20.8015
20.7457
16.5607
16.3375
16.3375
16.2259
16.2259
16.1143
16.3933
17.5651
17.8441
18.2905
19.9645
21.0247
21.4711
21.8059
21.1921
19.9087
19.5181
19.1833
18.7369
18.2347
17.3419
17.1187
16.7281
16.6723
17.7883
17.0629
16.3933
16.1701
16.0585
15.9469
16.6165
18.4021
19.6297
20.8573
20.1319
21.5269
21.5827
22.6987
22.0291
21.0805
20.6899
20.1319
19.3507
18.8485
17.8441
17.7325
17.8441
17.7883
18.2905
18.0673
17.9557
17.7325
17.9557
17.7325
17.9557
18.0673
18.0673
18.1231
18.2347
18.3463
18.4021
18.4579
18.5695
18.5137
18.3463
18.1231
17.8441
17.7883
18.7927
19.0717
18.7369
18.5137
17.6767
17.5651
17.6767
17.5093
17.4535
17.3419
17.2861
17.3419
17.2303
16.8397
16.9513
16.9513
16.9513
17.0071
16.9513
16.8955
16.9513
17.0629
16.8955
16.8397
17.5651
17.6767
17.8441
17.6767
16.7281
16.5607
16.7839
16.5607
15.8911
16.2817
16.7281
17.2303
18.4021
18.9601
19.5181
19.4623
21.2479
21.4711
21.4711
21.9175
21.1921
20.2993
19.0159
18.6811
16.8397
16.4491
16.6723
16.8955
18.5137
18.2347
18.2347
18.1789
18.1789
18.1789
18.0673
18.0115
18.5695
19.0717
19.2391
19.6297
20.3551
20.4667
20.5783
20.8015
21.5827
20.6341
19.6297
19.3507
18.9601
18.0673
18.1789
18.2905
18.4579
18.5137
18.7369
18.4021
18.6253
18.2905
18.4021
18.7369
19.0717
19.0159
18.9601
18.7927
18.7369
18.6253
18.5695
18.5695
18.4579
18.3463
18.4021
18.2905
18.8485
18.4579
18.2905
18.5137
17.7883
17.7883
17.8441
17.8441
17.7883
17.6209
17.5093
18.0115
18.8485
19.0159
20.7457
20.9689
21.2479
21.1921
21.4153
22.1965
21.6943
20.4667
19.8529
19.5181
18.1231
17.9557
17.8441
17.8441
18.4021
18.0673
18.0115
18.1231
18.2905
18.2905
18.5695
19.2391
20.2993
21.6385
23.0893
23.2009
23.3683
23.9263
23.6473
23.4799
22.9219
21.5827
20.8015
20.2435
19.3507
19.0717
19.1275
18.6811
19.9087
19.9645
19.7413
19.2391
19.2949
19.0717
19.1275
20.3551
22.2523
22.8103
23.9821
23.4241
24.2611
24.5959
24.7075
23.7589
24.0937
22.7545
21.3037
20.8015
20.0203
19.9645
20.0761
19.9087
19.8529
19.8529
19.4623
19.2949
19.3507
18.7927
19.5181
20.9689
21.9733
23.7031
24.3169
24.0379
24.9865
25.1539
24.9865
24.3727
23.8147
22.6987
22.1965
21.6385
20.6341
20.5225
20.4109
20.1877
19.6297
19.1275
18.7369
18.8485
18.5695
19.0159
19.2391
20.4109
21.9733
22.6987
21.9733
22.7545
23.9263
21.9175
22.3081
21.6385
21.5827
21.3595
21.3037
21.2479
21.1363
20.9131
20.6341
20.0203
20.6341
20.4667
20.5783
20.4667
20.4667
20.6341
20.6341
20.4667
20.2993
20.5225
21.0247
21.6943
21.8059
22.5313
21.8617
21.8617
21.6943
21.2479
21.1363
21.2479
20.7457
21.0247
20.7457
20.6341
21.3595
21.4153
21.1921
21.8059
21.8059
21.8059
22.0291
22.6987
23.1451
23.3125
22.5313
22.6987
23.4799
23.3683
23.1451
23.0893
22.9219
22.9777
22.8661
22.6987
21.4711
21.5269
21.6385
21.6385
22.2523
22.1407
21.3037
20.4109
20.4109
20.1877
20.2435
20.4667
22.0291
20.8015
20.8573
20.8015
21.0247
20.8573
21.0247
20.9689
20.8573
20.8015
20.6341
20.6899
22.4197
22.3639
22.3081
22.1965
20.6341
20.4109
20.3551
20.3551
20.4109
20.1877
20.2435
20.4667
22.0291
21.3595
22.3081
23.4799
23.5915
24.0379
25.2655
24.7075
24.0937
23.4799
23.1451
22.8103
20.5783
20.6341
20.4667
20.4109
22.1407
22.1407
22.0849
21.9175
21.9175
22.0291
22.1407
22.1965
22.4197
22.3639
22.3081
23.2567
23.2009
22.8661
22.9777
22.5313
21.7501
21.4153
20.9689
20.0203
22.6429
22.5313
22.4197
22.2523
18.8485
18.9601
18.9043
18.8485
18.7369
18.7369
18.4579
18.2347
17.8999
17.8999
18.1231
18.1231
18.4021
18.6811
18.8485
18.9601
18.6811
18.4579
18.4579
18.5137
19.5739
19.5739
19.1275
18.9601
18.2347
18.2347
18.1789
18.3463
18.3463
18.3463
18.5695
19.4623
20.4667
21.2479
21.0805
21.5827
21.5269
21.4153
21.3595
20.9689
20.9689
20.6341
20.4109
20.2993
18.4579
18.3463
18.3463
18.4021
20.0203
19.7413
19.5739
19.4065
19.3507
19.4623
19.4623
19.7413
19.7971
19.9087
20.5783
20.9131
21.7501
23.6473
22.3081
22.3081
21.5269
21.1921
20.9131
20.8573
20.0203
20.1319
20.0203
19.7971
20.9689
20.6341
20.4109
20.1319
20.1319
20.1877
20.2435
20.5783
21.0247
21.7501
21.5827
22.0291
23.0335
23.1451
23.7031
23.0335
23.1451
22.6429
22.4197
22.3639
20.8573
20.9689
20.9689
20.9689
21.5269
21.4711
21.5269
21.3595
21.3595
21.1921
21.2479
21.5269
22.3081
23.0893
22.7545
22.7545
22.8661
23.5357
21.8617
21.7501
21.5269
21.4711
21.4711
21.2479
22.2523
22.0849
21.9175
21.6943
20.1319
20.0203
20.0203
19.9645
19.9087
19.8529
19.8529
19.8529
19.9087
19.9645
19.9645
19.9645
19.8529
20.0203
20.5225
20.5783
20.5783
20.2993
20.1877
20.1319
20.6341
20.5225
20.4109
20.1319
20.4109
20.4667
20.4109
20.5225
20.2993
20.4667
20.7457
21.3595
22.1965
22.8103
23.6473
25.1539
24.7075
23.5915
26.1583
24.7075
23.0893
22.9777
22.3081
22.9219
20.1877
20.2435
20.5225
20.3551
21.9175
21.7501
21.8059
21.1921
20.9689
20.7457
20.9689
22.0291
22.0849
23.9263
25.4887
25.4329
26.5489
26.2699
24.8749
24.1495
24.1495
23.7031
23.0893
22.7545
22.5871
22.3639
22.0291
21.9733
21.7501
21.9175
21.8059
21.5269
21.4153
21.5269
21.6385
22.3639
23.5915
23.9263
23.4241
25.7677
26.6605
24.7075
22.9777
24.1495
24.4285
24.1495
23.4241
22.8103
22.6429
22.3639
22.1407
21.8617
21.7501
21.8617
21.8059
21.6943
21.8059
21.5827
21.8617
21.9175
22.0849
21.3595
21.3595
21.1921
21.1921
20.0761
19.3507
18.8485
18.9601
18.9601
18.9601
19.0159
22.4197
22.3639
22.2523
21.8059
19.2949
19.3507
19.3507
19.3507
19.4065
19.4623
19.6855
19.8529
20.6341
20.9131
21.0805
21.6943
21.8617
22.5313
21.6385
21.9175
22.0291
21.8617
21.5269
21.4711
19.1275
19.1833
19.1833
19.2949
21.3595
21.1921
21.3595
21.3595
21.4153
21.5827
21.6943
22.8103
23.0335
24.7633
25.4887
26.3257
26.2141
26.1583
25.7119
24.0937
23.7589
23.5357
23.3125
23.1451
21.1363
21.2479
21.3037
21.3595
22.6429
22.5313
22.4755
22.3639
22.4755
22.4755
22.5871
21.8617
22.4755
22.6429
22.8661
25.8793
25.4887
23.5357
23.9263
24.6517
23.5915
22.3639
22.0291
22.0291
23.0335
22.8661
22.7545
22.8103
22.3081
21.7501
21.1921
20.6341
20.6341
20.6341
20.6341
20.8015
20.2993
20.4109
20.4667
20.4667
21.4711
22.4197
24.2053
23.5915
23.7589
22.3639
19.9645
19.4065
19.4065
19.4065
19.4065
19.2391
18.7927
18.4021
18.4021
18.0673
18.4021
17.8441
18.9601
20.8015
22.5313
23.6473
24.1495
24.7633
24.5959
25.1539
25.3213
25.4329
25.0423
23.5357
20.8015
20.4109
19.4623
19.1833
19.2391
19.1275
20.1877
19.0159
18.7927
18.3463
18.0673
18.1789
19.2949
21.1363
22.5313
22.9777
24.9307
24.4843
24.9307
24.7633
25.0981
25.2097
25.4887
23.8705
22.1965
21.6385
20.1319
20.1319
19.9645
19.7413
20.1877
19.7413
19.6855
19.7971
19.8529
19.9087
20.3551
22.3639
22.8103
23.5915
24.0379
25.0981
24.9865
25.5445
25.6561
24.6517
24.2611
23.9263
22.6987
22.1407
21.4153
21.0247
20.5783
20.9131
21.4153
21.1921
21.0805
21.0247
21.1363
20.6899
21.3037
22.5313
23.8147
25.1539
25.8793
25.5445
25.8793
25.7119
25.0981
25.1539
25.2655
24.0937
23.2567
22.3639
22.0291
22.0291
21.8059
21.9175
21.9733
21.9733
22.0291
21.2479
21.0247
21.0247
21.0805
21.6943
23.0335
23.5915
24.7633
25.9351
24.9865
25.6003
25.8793
23.0893
21.5827
21.3595
21.4153
21.3595
22.2523
22.3081
22.3081
22.1965
21.3037
21.4153
21.5827
21.5269
21.4711
21.3595
21.8617
21.8617
22.4197
23.8705
23.7031
24.5959
25.0423
24.6517
24.6517
22.3081
21.9733
21.6943
21.2479
21.1363
21.5269
21.2479
21.3037
21.2479
20.9689
20.8015
20.7457
20.6899
20.4667
20.4109
20.3551
20.2435
20.5783
20.8573
20.7457
21.0247
21.5827
21.9733
21.5269
22.5313
23.1451
21.8617
21.1363
20.8573
21.1363
21.1363
21.0805
21.0805
20.4667
20.3551
20.4667
20.6899
20.4667
20.6899
20.8015
21.3037
22.4197
22.8661
23.1451
22.4197
22.9777
24.0379
22.4197
21.3595
21.2479
21.2479
21.3037
21.3037
21.0247
20.6341
20.4667
20.4667
20.8573
20.6341
20.5783
20.5225
20.5225
20.2435
19.9645
20.0203
19.9645
20.1319
20.2435
19.1833
19.4623
19.7413
19.6855
19.5181
19.3507
19.1275
18.7927
18.6253
21.3595
21.2479
21.1921
21.0247
18.2347
18.1789
18.0673
18.1231
18.1789
18.2347
18.2347
18.3463
18.2347
18.4579
18.7927
18.9601
18.7369
18.7369
18.6253
18.7927
18.9043
18.8485
18.7369
18.6811
18.6253
18.5695
18.5695
18.2347
18.7927
18.7369
18.7927
18.7927
18.7927
18.7927
18.9043
19.5181
20.0761
21.3595
22.5871
21.8059
23.5915
23.2567
22.9777
22.3081
22.3639
21.0805
21.0805
20.8015
18.7369
18.7927
18.8485
18.7927
20.3551
19.9087
20.3551
20.4667
19.7971
19.5181
19.8529
20.0203
21.0247
21.6385
22.3639
24.0379
24.1495
24.4285
23.1451
23.9821
22.4197
23.1451
21.1921
20.8573
21.0805
20.3551
20.4109
20.6899
19.2949
19.2949
19.2949
19.5739
19.6297
19.6297
19.8529
21.3037
22.1965
23.0335
24.3727
24.9865
24.9307
25.4887
25.2655
24.6517
23.8705
22.8103
21.3595
21.0247
20.2435
20.0761
19.6297
19.4065
20.3551
19.9645
20.2435
19.5739
19.3507
19.6855
20.1877
21.0805
22.6987
23.6473
24.0937
24.9307
25.0981
25.3771
24.0937
23.6473
22.5313
22.0849
21.7501
21.5827
20.7457
20.8573
20.6341
20.4667
21.0805
20.8015
20.6341
20.5783
20.4109
20.4109
20.5225
22.1965
23.1451
24.0937
24.2053
24.7633
25.2655
25.0423
23.9821
23.9263
24.0379
23.0893
22.5871
22.1965
21.5269
21.4153
21.3595
21.2479
20.8015
20.8015
20.7457
20.7457
20.2993
19.7971
19.9645
20.8015
21.9733
23.1451
21.9733
20.8573
20.8573
20.8573
21.1363
20.8573
20.8573
20.6341
20.6341
20.5783
21.8059
21.6943
21.4711
21.1921
20.6341
20.6899
20.8015
20.8015
20.8015
20.8015
20.8573
21.1363
21.1921
21.6943
22.2523
23.7031
24.0937
25.3213
24.0379
22.9777
21.5827
21.5269
21.5827
21.7501
20.5783
20.5783
20.5225
20.6341
20.7457
20.6341
20.5783
20.4667
20.2993
19.9645
19.7413
19.7971
19.9645
20.0761
20.4667
21.8617
22.7545
22.3081
21.5269
22.1407
21.8059
21.4711
21.0247
20.5783
20.9131
21.0247
20.9131
20.7457
20.0761
20.0203
20.0761
20.0203
20.0203
19.9645
20.0761
20.1319
20.0203
19.8529
20.1877
20.1877
20.2993
20.1319
20.4109
20.2435
20.4667
20.4109
20.1877
20.0761
20.2435
20.2435
20.2435
20.0761
19.7413
19.5739
19.6297
19.6297
19.7413
19.7413
19.9645
20.1877
20.6341
20.8573
21.4711
21.5269
22.2523
22.0849
23.4241
23.1451
22.8103
22.3081
21.4711
21.3037
20.1319
20.0203
19.9645
20.0203
20.6899
20.7457
20.8015
20.6899
20.6341
20.4667
20.6341
20.9689
21.6385
21.6943
24.2611
24.4843
22.2523
23.4799
21.9175
22.1965
22.0291
21.9175
21.6943
21.0247
21.0805
20.9131
20.8573
20.6899
20.9689
21.5827
21.7501
21.7501
21.6943
21.6943
22.0291
22.8103
23.9263
24.6517
24.7075
24.4843
24.3169
24.2053
23.6473
23.0335
22.9777
22.7545
22.5313
22.4197
20.8015
20.5225
20.5225
20.8573
22.4197
22.3081
22.4755
22.3081
22.1965
22.1965
22.0849
21.8617
22.5871
23.4241
23.3125
23.9263
24.4843
24.3169
20.8015
20.4109
20.7457
20.9689
20.8573
20.6341
22.5313
22.4755
22.4197
22.3081
20.8015
20.8015
20.8573
20.8573
21.5827
21.7501
21.9733
22.3081
22.9219
23.4241
24.2053
24.2053
24.2053
24.5959
24.7633
23.8147
23.1451
22.9219
22.3639
22.0849
20.5783
20.6341
20.7457
20.8015
22.3639
22.2523
22.3081
22.4197
22.4197
22.4197
22.5871
22.6987
23.7031
23.8705
23.8705
25.1539
25.6003
25.5445
26.8837
25.1539
24.5401
24.1495
23.6473
23.4241
22.0849
21.9175
22.3639
22.4755
22.9219
22.6987
22.6987
22.8103
22.6987
22.5871
22.9219
23.5915
23.7589
25.3771
24.8191
25.6003
25.2655
26.7721
25.0423
24.2611
23.9821
23.8147
23.5357
23.2009
23.1451
23.0893
22.9219
22.8661
22.5871
22.4755
22.4197
22.5313
22.5313
22.5871
22.7545
23.3683
25.1539
25.3213
26.3815
25.7677
25.8235
25.8793
25.6003
25.6561
25.8235
24.6517
24.1495
23.7031
22.8661
22.8103
22.6987
22.5313
22.5871
22.4197
22.2523
22.3081
22.0849
22.1965
22.5871
23.2567
23.9821
24.4843
24.8191
25.3771
25.2097
25.0981
24.7633
23.9821
23.7031
23.0335
21.9175
21.3037
23.3125
23.1451
22.9219
22.7545
22.3081
22.1965
22.1965
22.1965
22.2523
22.1407
22.3081
22.8661
23.0335
22.3639
23.6473
25.7677
25.2655
25.4329
25.0423
20.5225
20.6341
20.6341
20.7457
20.8015
21.2479
21.3595
21.4711
22.4197
20.8015
20.8573
20.8573
20.9131
20.9689
20.9689
21.2479
21.6385
22.0849
23.2009
25.8793
25.3213
25.6561
25.2655
24.9865
24.3169
23.4799
22.9219
22.1965
21.8059
20.7457
20.8015
20.8573
20.8015
21.6385
21.8059
21.9733
21.5827
21.3037
21.6943
22.5871
23.3683
24.6517
25.3771
26.0467
26.4931
25.9351
26.0467
25.9351
23.1451
21.9733
21.1921
20.8573
21.1921
21.5269
21.8617
21.8617
21.7501
22.0291
22.0291
21.9733
21.9733
21.9175
21.8059
21.8059
21.8059
21.7501
21.5827
22.2523
21.6943
21.9175
22.0291
22.3081
22.3081
21.7501
21.3037
21.4153
21.4711
21.5269
21.4711
21.5827
21.9733
22.0291
22.0291
21.9733
21.9733
21.9175
21.8059
21.8059
21.8059
21.7501
21.5827
22.2523
21.6943
21.9175
22.0291
22.3081
22.1407
21.7501
21.4711
21.0805
20.8573
21.5269
21.4711
21.5827
21.9733
20.7457
20.7457
20.6341
20.6341
20.5783
20.2993
20.4109
20.5783
20.8573
21.0247
21.7501
21.1363
20.8573
20.8573
21.4711
21.4153
21.8059
21.0805
21.0247
21.0247
20.6899
20.6899
20.6899
20.7457
20.9689
20.9689
20.9131
20.9689
20.9131
20.9689
20.9689
21.0247
21.0805
21.1921
21.1921
21.3037
21.3595
21.8059
21.5269
21.7501
20.1319
20.2993
20.7457
20.5783
20.9689
20.9131
20.9689
20.9689
20.8573
20.8573
20.8573
20.8573
20.9131
20.9689
21.0247
21.1363
21.1921
21.2479
22.3081
21.6385
22.0291
22.5313
21.9175
22.3081
21.8617
21.4711
21.3037
21.1363
20.6341
20.6341
20.6341
20.8015
21.1363
21.1921
21.1921
21.1921
21.1921
21.1921
21.3037
21.5827
22.0849
22.6429
23.6473
24.0379
22.0291
20.9131
21.3595
21.3595
21.3595
21.8059
21.4711
21.3037
21.1363
21.2479
21.2479
21.1363
21.1921
21.1363
21.0805
21.1363
21.0247
21.0247
21.1921
21.9175
22.8661
24.8749
24.5959
25.7677
26.1025
26.6605
26.8837
25.7119
21.7501
22.5871
22.1407
22.1965
21.1363
21.1921
21.1921
21.1363
21.7501
21.6943
21.7501
21.3037
21.1363
21.1921
22.1965
23.6473
24.0937
25.4887
25.7677
26.2141
26.3257
27.2743
27.8323
27.6649
27.4975
26.1025
23.9821
24.1495
22.4755
22.4197
22.4197
21.8059
22.4755
22.2523
22.0849
21.9175
21.5827
21.7501
22.5313
23.2567
24.3169
25.4329
25.3771
26.8279
25.9909
28.3903
27.7765
27.5533
27.3859
26.6047
23.5915
23.0893
23.8147
23.1451
22.8103
22.6987
22.3639
22.2523
22.3081
22.1407
22.1407
21.8059
22.8103
24.0937
24.4843
25.2655
25.8235
26.8837
26.9395
27.4975
27.8323
28.6135
27.8323
27.1069
24.3169
24.4843
22.9219
23.4799
22.9219
22.9777
22.8103
22.6987
22.6987
22.5313
22.4755
22.4197
23.0335
24.0379
24.9865
26.0467
26.3815
26.1583
27.1627
27.9997
28.6135
27.6091
27.8881
27.0511
25.0423
24.6517
24.3169
23.7589
23.3683
23.0893
22.7545
22.6987
22.5313
22.3081
21.9175
22.0291
22.6429
23.9263
24.5959
25.3771
26.8837
28.0555
28.1671
29.2831
29.7853
29.2831
28.5577
27.6091
25.3213
24.9865
24.2611
23.8147
23.4241
23.2567
22.9219
22.6429
22.4755
22.3639
22.3639
22.3639
22.6429
23.7589
25.3213
24.9307
26.6605
26.3257
27.2743
27.9439
27.6649
27.8323
27.1627
26.1583
25.3771
24.8191
24.4285
23.6473
23.4241
23.2567
22.8661
22.8103
22.7545
22.5313
22.3639
22.5313
23.2009
24.2053
25.3771
25.6561
26.5489
27.1069
27.2185
28.8925
28.5019
27.6091
26.4931
25.4329
24.7633
24.3169
24.5959
23.9821
23.4799
23.1451
22.6987
22.5871
22.5313
22.6429
22.5871
22.5871
23.0335
23.4241
25.9909
25.9909
27.1627
28.5019
28.2787
27.9439
29.3389
27.8881
26.2141
25.9351
24.8191
24.1495
23.9821
23.5915
23.3125
23.0335
22.6987
22.6987
22.7545
22.5313
22.4197
22.4197
22.7545
23.2567
24.7633
25.5445
25.8793
27.3859
27.9439
27.2743
27.1069
27.2185
25.8235
24.9865
24.1495
23.7589
23.6473
23.5357
23.0893
23.0335
22.8661
22.7545
22.6429
22.5313
22.4755
22.3639
22.8661
23.7031
24.5401
25.0981
25.9909
27.7765
27.8323
27.5533
27.2185
26.1025
25.6003
25.4329
24.7633
24.0379
23.4799
23.2009
22.9777
22.8103
22.6987
22.5313
22.4197
22.2523
22.3639
22.4197
22.6429
23.8705
24.8749
24.7075
25.4329
27.1069
27.5533
27.3301
27.8323
28.1113
26.8279
25.7119
24.6517
23.9821
23.5915
23.3125
23.1451
22.7545
22.6987
22.4755
22.4755
22.4197
22.5871
22.6429
23.1451
23.7589
24.6517
25.3771
26.6605
27.2743
28.2229
28.1113
29.2831
27.6649
25.4887
25.3213
24.3169
23.8705
23.7589
23.4241
23.2009
22.9777
22.8661
22.5871
22.2523
22.3639
22.0849
22.1407
22.4755
23.9821
24.7075
25.6561
27.1627
26.4373
27.8881
28.3903
28.5019
27.4975
26.7163
23.2009
22.6987
22.4197
23.7589
23.5915
23.4799
23.1451
21.8617
21.8059
21.6385
21.4711
21.4711
21.3595
22.2523
22.9219
23.8147
24.8191
24.7075
26.3257
27.4975
27.2185
26.6605
26.4373
26.0467
25.0981
24.3727
23.6473
22.3639
22.4197
21.9175
21.9733
22.5313
22.5871
22.5313
22.2523
22.0291
22.4755
22.8103
22.3639
22.3081
21.6943
23.7589
25.8235
25.4329
26.4931
24.5959
23.2009
23.9821
24.2611
23.3125
22.8103
23.8705
23.2009
22.7545
22.6987
22.7545
21.6385
22.0291
21.7501
21.7501
22.1407
22.2523
22.2523
22.5313
23.4799
25.2097
25.7677
24.7633
25.4329
27.1069
23.8147
26.0467
21.3037
21.0247
21.1363
22.3639
22.2523
22.5313
22.5313
21.6943
21.9175
21.8059
21.8059
21.4153
21.3595
21.4711
21.7501
22.1407
23.6473
22.8661
21.5827
22.1407
21.5269
21.6943
22.8103
22.6987
22.3081
22.5313
22.4197
21.6943
21.1363
20.9131
21.0805
20.4109
20.3551
20.3551
20.4109
20.5225
20.7457
20.9131
21.0247
21.6943
22.4197
22.3639
23.7589
25.7119
26.4373
25.7677
25.5445
25.9351
24.4285
22.3639
22.0291
21.4153
20.2435
20.1319
20.0761
21.6943
21.6385
21.5269
21.4711
21.3595
21.1363
21.4711
23.3125
23.9263
25.3213
25.4329
27.3859
26.5489
27.4975
27.2185
27.1627
27.6649
25.6561
24.2611
23.4241
21.7501
22.1407
21.8059
21.9175
22.1965
21.9175
22.1407
22.2523
21.2479
21.1363
21.9733
23.9263
25.0981
25.3771
26.6047
26.9953
27.8881
27.7765
27.9439
27.7765
26.3257
26.4373
23.9263
23.0893
23.6473
23.0893
23.1451
22.8103
22.6987
22.4755
22.3639
22.1407
21.9175
21.8617
22.3081
23.4799
24.2053
24.7075
24.5959
24.8749
22.3081
21.0247
20.9131
21.5827
21.1921
21.2479
21.0247
20.9689
23.1451
22.8103
22.5871
22.4755
21.4711
21.3595
21.4153
21.5269
21.4153
21.3595
21.4711
21.6385
21.4711
21.9733
22.3639
20.9689
20.8573
20.7457
20.6899
21.3037
21.4711
21.6385
21.5827
21.9175
21.1921
21.4711
21.4711
21.6385
21.6385
21.5269
21.4153
21.1363
21.2479
21.2479
21.3037
21.4153
21.5269
22.2523
22.8103
22.9777
23.0335
22.0291
21.9733
21.9733
21.6385
21.4711
21.2479
21.2479
21.5269
21.6385
21.6385
21.6385
21.3037
21.3037
21.3595
21.2479
21.4153
21.4153
21.4711
21.8059
22.2523
23.6473
24.0937
24.8749
24.4285
23.9821
24.7633
25.4329
25.6003
24.4843
23.1451
22.2523
21.3037
21.3037
21.1921
21.2479
21.4711
21.4711
21.3037
21.2479
21.1921
21.4153
21.4153
23.3125
22.2523
23.6473
24.0937
24.8749
24.4285
23.9821
24.7633
26.1583
26.7721
24.9865
23.5357
23.1451
21.8617
21.5827
21.6385
21.4711
22.0849
21.8617
21.8059
21.6943
21.6943
21.5827
21.8617
22.8103
23.1451
22.8661
25.3213
25.9909
27.2185
27.2185
26.8837
24.4843
25.4887
24.2053
23.3125
23.0893
22.8661
22.3081
22.1965
21.9175
21.5269
21.5269
21.5827
21.5827
21.5827
21.5269
21.6385
22.1965
22.4755
23.0335
23.7589
23.1451
24.4285
24.9307
25.3771
25.1539
24.3727
23.0335
20.8573
21.0247
22.8103
22.5313
21.7501
21.5827
20.5783
20.6899
20.7457
20.8015
20.7457
20.8015
20.9689
21.9733
22.9777
23.3125
22.0849
22.3081
22.8661
22.8661
22.3081
22.3081
22.3081
21.7501
21.7501
22.0849
20.9689
20.8015
20.6341
20.6341
21.5269
21.2479
21.1921
21.2479
21.2479
21.1363
21.2479
22.3081
23.0335
23.7031
24.0937
24.4285
25.3213
26.2141
25.8793
24.4843
22.6987
22.4755
22.3639
22.0849
22.0849
21.6943
21.6943
21.8059
21.7501
21.5827
21.8617
21.8617
21.8059
21.6385
21.9733
23.3125
23.7589
25.0423
24.9307
25.9909
26.2141
27.8323
28.7809
27.1627
25.2655
23.8705
22.5313
21.1921
22.0849
21.8617
22.0291
21.8059
22.2523
22.2523
22.2523
22.1965
22.0849
21.8617
22.6987
23.8705
24.0379
25.4887
26.4373
25.7119
26.7721
27.2185
27.8323
27.0511
27.7765
26.1025
24.3727
24.2611
21.4711
21.7501
22.0291
22.1965
22.6429
22.6987
22.5313
22.4197
22.0849
22.0291
22.3081
24.4285
25.9351
25.4329
26.1025
26.3815
27.2743
27.4975
26.8837
26.7163
26.2141
22.5871
22.6429
22.9219
23.8705
23.5915
23.1451
22.8103
21.6385
21.5269
21.6943
21.5827
21.3595
21.4711
21.5827
23.2567
24.8749
25.6003
26.1583
27.1069
26.6605
22.7545
22.6429
25.4887
26.2699
25.0423
22.9219
22.5313
22.0849
21.9175
21.9175
21.6385
21.7501
21.3037
21.1921
21.1921
20.9689
21.0247
21.4711
23.6473
24.3169
25.6561
25.7677
26.1583
26.2141
25.2097
27.6649
27.7765
27.3859
25.6003
23.5915
22.5871
22.8661
22.7545
22.3639
21.9175
21.8059
21.4153
21.3037
21.4153
21.1921
21.0247
21.7501
23.4799
24.4285
24.9307
26.4931
26.4373
27.3859
27.1069
27.6649
27.4975
26.4373
24.9307
23.9263
23.5915
22.3639
22.4197
22.2523
21.8059
22.6987
22.6429
22.6987
22.3081
22.3081
21.9733
22.4755
23.4799
25.7119
26.8279
27.4975
28.0555
28.1113
28.2229
29.2831
26.7721
23.7031
20.8015
20.6341
20.4667
23.2009
23.1451
22.9219
22.8103
20.4109
20.5783
20.9131
21.3595
20.5225
20.5783
20.4109
21.2479
20.8015
21.4153
21.5827
22.3081
24.0937
24.9307
24.0937
24.8749
25.0981
23.7589
22.3639
22.0291
20.5783
20.6341
20.4667
20.2993
21.5827
21.4153
21.0805
21.4153
21.2479
21.6385
21.8059
22.2523
23.2009
24.8749
25.1539
25.1539
25.9351
26.4373
26.5489
24.9307
25.4329
23.9821
23.0893
23.0893
21.9175
22.1407
21.6943
21.6943
21.8617
21.6385
21.4153
21.5269
21.4711
21.4711
21.5827
22.3081
24.2611
25.6003
25.0981
26.3257
26.2141
26.9395
26.2699
26.2141
25.9909
25.2097
23.5357
23.2009
22.7545
22.6987
22.1965
22.1965
22.5313
22.0849
22.1965
22.3081
22.2523
21.8059
22.0849
23.8147
25.0423
26.0467
26.1583
26.7163
26.6047
27.6091
27.8881
26.6047
26.1025
25.6003
24.5959
23.7031
23.0893
22.8103
22.5871
22.7545
22.5313
22.0849
21.6385
21.4153
21.4153
21.3037
21.6385
23.7031
26.0467
25.6561
26.6605
26.7721
27.6649
27.5533
27.0511
26.4931
24.4285
24.0379
23.2567
23.1451
23.6473
23.4241
23.0893
22.7545
22.3639
22.2523
22.4197
22.1407
21.8059
22.0291
22.3081
23.7031
24.6517
24.8749
26.6047
26.8279
26.4373
25.6561
23.8705
22.9219
21.6943
22.0291
21.5269
21.4711
23.0893
22.8661
22.8661
22.5313
21.0247
21.0247
21.1921
21.0247
21.0247
21.1363
20.9689
21.9175
23.2009
23.8705
25.4887
25.7119
25.4887
26.9395
27.5533
24.9865
23.3683
23.2567
22.5313
22.3639
21.4153
21.3037
21.1363
21.0805
22.2523
22.1965
21.8617
21.8059
21.4711
21.3595
22.5871
23.5915
24.5401
25.4329
25.4329
27.1627
27.8323
28.3345
27.0511
23.0335
24.0937
23.9263
22.9219
22.8661
22.0849
21.9733
22.1407
22.2523
22.2523
22.1407
22.1965
22.0291
21.4711
21.1363
21.8059
23.5915
24.7075
25.2655
26.3257
27.0511
27.9997
28.3903
28.4461
26.6605
27.1627
23.2567
22.9777
23.5357
22.7545
22.5871
22.6429
22.4197
22.1965
21.9175
21.9175
21.4153
21.3595
21.2479
22.4197
23.5915
24.5959
25.2655
25.4329
24.2053
22.3639
22.2523
22.9777
23.8147
23.2567
23.3683
21.8617
21.4153
23.0335
22.7545
22.4755
22.4197
21.8617
21.9175
21.9175
21.5827
21.3595
21.6943
21.8059
22.5313
24.2053
23.7031
25.7677
25.2655
25.9351
26.9953
27.3859
27.3859
23.2009
22.4755
22.0291
21.8617
21.5827
22.1965
22.1965
22.1407
21.4153
21.2479
21.0805
20.9689
20.8573
21.0805
21.5269
22.3081
23.1451
23.4799
23.4241
22.8103
21.5827
22.4197
24.2053
25.3213
24.0379
23.3683
22.1965
21.6385
21.6385
21.5827
21.1921
21.2479
20.8573
20.9689
20.6899
20.6899
20.5225
20.4667
21.0805
22.9777
24.2611
25.0981
25.1539
26.6047
26.4373
26.3815
26.1583
26.3815
25.8793
24.5959
23.9263
22.9219
21.5827
21.3037
21.1921
20.9689
22.3639
22.1407
22.0291
21.7501
21.5827
21.6385
22.1965
22.9777
23.3683
23.2567
20.2435
22.0291
23.9263
20.4109
20.1877
20.4667
20.5783
21.1363
20.6341
20.6341
22.5313
22.3639
22.1407
22.0849
21.0247
21.0247
20.9689
21.0247
21.0805
21.0247
21.1921
22.3639
22.6429
22.9777
24.3169
24.5959
25.0423
25.9909
26.2141
21.5269
21.5827
21.9175
21.3037
21.1363
20.7457
20.8015
20.8573
20.8015
20.4109
20.5225
20.6341
20.5783
20.3551
20.2993
20.9131
22.5313
23.1451
24.0937
25.8235
26.1025
26.0467
26.1583
26.6047
26.4373
26.5489
25.0981
23.1451
22.6987
20.9689
20.8015
20.8015
20.7457
22.0291
22.0849
22.1407
21.7501
21.6943
21.6943
21.8617
22.6987
24.4285
25.6561
25.4887
26.4373
25.0423
26.2699
26.3815
25.4329
25.6561
25.0423
21.8059
21.3037
22.5871
22.4755
22.4755
22.3639
22.0291
22.0849
22.1407
21.7501
21.6943
21.6943
21.8617
22.6987
24.4285
25.6561
25.4887
26.4373
25.0423
26.2699
26.3815
26.0467
23.7031
22.9777
22.9219
21.3037
22.5871
22.4755
22.4755
22.3639
21.7501
21.6943
21.4711
21.4711
21.5269
21.5827
21.6385
21.4153
22.0291
22.6987
23.2567
21.4711
21.5269
22.5871
22.6987
22.0291
21.8617
21.1363
20.8573
20.9131
21.9175
22.6987
21.8059
21.8059
21.1363
20.9689
21.0247
21.1921
21.1363
21.2479
21.3037
21.7501
21.8617
23.2567
23.4241
25.6561
25.2655
25.3213
24.4843
25.3213
24.8191
23.7589
22.9777
22.7545
20.9131
21.2479
21.2479
21.1921
21.6943
21.6385
22.0291
21.9733
21.8059
21.6385
22.3639
23.4241
24.1495
24.5401
26.3815
26.5489
27.0511
22.8103
25.6003
20.8015
20.7457
20.6341
20.4667
20.5225
22.3639
22.1407
21.8059
21.6385
20.8573
20.8015
20.6899
20.6899
20.5783
20.6341
20.8573
21.9175
22.9219
23.6473
23.8705
23.9821
24.9865
26.1025
20.5225
21.0247
21.6385
21.0805
20.8015
20.7457
20.5783
20.5783
20.6341
20.7457
20.8015
20.3551
20.5783
20.3551
20.2993
20.4109
20.8015
22.0291
22.9777
24.5401
24.7075
25.8235
25.6561
25.5445
26.0467
25.7119
25.9909
24.4285
23.2567
22.8103
20.7457
21.4153
20.9131
20.8015
21.1363
21.3037
21.3037
21.4153
21.4153
20.6899
21.5827
22.6429
23.1451
24.6517
25.4887
26.0467
26.7163
26.3815
26.6047
26.2699
26.1583
24.3727
23.5915
23.0893
22.4755
22.1407
22.1965
21.1921
22.1407
21.5827
21.8617
21.6385
21.5269
21.6943
21.8059
23.5915
24.7075
25.4887
26.3257
26.5489
26.3257
26.4373
26.1583
26.4373
26.0467
24.2053
23.3125
22.7545
22.9777
22.4755
22.4197
22.1965
22.2523
22.0849
21.7501
21.9175
21.5827
21.8617
22.5313
22.5871
24.2053
25.4329
26.5489
26.9953
27.8881
27.3859
27.3301
25.0423
25.4887
24.2053
23.5915
23.5357
22.6987
22.9219
22.4755
22.5313
22.5871
22.4197
22.5871
21.9733
21.9175
21.4153
21.4153
22.8103
24.9307
25.7677
25.7119
26.6605
26.8279
26.6605
26.8837
26.8837
26.6605
24.6517
23.7589
23.4241
23.5357
23.3683
22.9777
22.8103
23.0893
22.9219
22.6987
22.4755
23.0335
22.2523
22.5871
23.4799
23.7589
25.2097
27.0511
25.8235
26.9953
26.5489
27.3301
27.3859
26.4373
25.3771
24.1495
23.3125
23.4241
22.9777
22.8103
22.9219
22.9777
22.9777
21.7501
22.1407
22.3081
21.8059
21.2479
21.5827
21.5827
21.8617
21.3037
21.5269
21.3595
21.2479
21.0805
20.9689
21.0805
21.0247
20.9131
20.9131
22.9777
23.1451
23.2567
23.2567
20.5225
20.5225
20.3551
20.3551
20.4109
20.3551
20.4109
20.5783
20.6899
20.8015
21.1363
20.7457
20.9689
20.9131
21.0805
21.0805
20.9131
20.8573
20.9131
21.2479
20.8573
20.7457
20.6341
20.6341
21.1921
21.2479
21.3037
21.3595
21.3037
21.1921
21.4153
21.5827
22.2523
22.9777
23.2009
23.0893
24.8749
24.2053
23.4241
25.4887
24.8191
23.6473
22.4197
22.0849
21.4153
21.2479
21.1363
21.1921
21.8059
21.9733
22.1965
21.9733
21.5269
21.1363
21.2479
22.5871
24.0379
24.9307
26.2699
25.6561
26.2141
27.1069
26.7721
26.9395
26.4373
23.8705
23.2009
23.2009
22.0291
21.7501
22.0291
22.1965
22.2523
22.0291
21.8617
21.6385
21.6385
21.2479
21.6385
23.4241
24.0937
25.3213
25.8235
26.3815
26.8837
26.8837
26.6605
26.5489
26.2141
24.0379
23.7031
23.3125
23.0335
22.8103
22.8103
22.6429
22.3081
22.0849
21.8617
22.1407
21.6943
21.5827
21.8059
23.4241
24.4843
26.0467
27.4417
21.6943
23.0893
27.1627
26.8837
26.9395
25.5445
24.2053
23.4241
22.9777
23.0335
22.6987
22.6429
22.8103
22.4755
22.8661
22.8103
21.6385
21.6943
21.5827
21.8059
23.4241
24.4843
26.0467
27.4417
21.6943
23.0893
27.1627
26.8837
26.6047
26.1583
24.1495
23.5915
21.4153
22.7545
22.8661
22.5871
22.3081
21.0247
21.4153
21.4153
21.3037
20.9689
20.9689
20.9689
22.3639
24.7075
23.7031
25.3213
25.2655
26.1025
26.6605
26.4373
25.7119
22.8661
22.5313
21.5827
21.5269
21.1363
21.3037
21.0805
20.9689
22.3081
21.6943
21.6943
21.6385
21.5827
21.3595
21.7501
22.4197
22.3081
22.6987
22.6987
23.4799
22.8661
23.4799
24.2611
23.0335
22.1407
21.5827
21.4153
21.4711
22.3081
22.3081
22.5313
22.0849
20.9689
20.4109
20.3551
20.4109
20.5225
20.5783
20.6341
20.8573
20.9689
21.0247
21.1921
21.3595
21.6385
21.2479
21.4153
21.2479
21.0805
20.7457
20.4667
20.3551
21.5269
21.4153
21.3037
21.2479
20.5225
20.4109
20.4667
20.4667
20.4109
20.4109
20.4109
20.8573
22.3081
22.5871
24.0937
23.4241
24.2053
23.3125
25.7119
23.7589
20.8573
20.8573
20.9131
20.6899
20.3551
20.4109
20.4109
20.4667
20.5783
20.4667
20.4109
20.5225
20.4109
20.4667
20.9131
21.3595
21.9733
23.2567
23.8147
24.7633
24.3169
24.5959
26.3257
25.6003
24.8749
23.2009
22.6429
22.0849
20.6899
20.6341
20.6899
20.5783
21.1363
21.0247
20.8015
21.0247
21.3037
21.1363
20.9131
22.2523
23.7589
24.5401
25.2097
26.1583
25.8793
25.4887
25.8235
24.4843
23.1451
22.6429
22.1965
21.9175
21.6385
21.5269
21.4711
21.3037
21.3595
21.0247
20.8015
20.7457
20.6341
20.7457
20.9689
22.7545
24.1495
24.9865
26.2699
25.9351
25.1539
27.3859
27.0511
26.9395
26.4373
23.8147
23.0893
22.5313
21.8059
21.6943
21.8617
21.5827
21.7501
21.6385
21.6943
21.5827
21.3037
21.1363
21.6385
22.5871
24.3169
25.1539
26.2699
26.6605
26.4931
26.9953
26.9395
25.4887
25.3771
23.8147
23.2567
22.9219
22.4755
22.7545
22.3081
22.1407
22.6429
22.2523
22.0849
22.1407
21.9175
21.7501
22.0849
23.5915
25.1539
26.2699
26.8837
26.7721
27.7207
26.3815
21.2479
21.1921
21.8059
21.6943
21.6943
21.6943
22.9777
22.5871
22.9219
22.5313
22.0291
22.0291
22.1965
21.8617
21.8617
21.6385
22.1407
23.8147
25.0981
25.9351
27.9997
27.7207
27.4417
27.9997
28.0555
28.2787
27.0511
25.2097
24.0937
23.9263
21.5827
21.8059
21.9175
22.1407
23.4241
23.3683
23.3683
23.2567
23.4241
23.0893
22.8661
24.2053
24.9307
25.4887
26.3815
26.5489
26.5489
26.6047
25.9909
25.1539
25.4329
25.3213
24.3169
24.1495
23.7031
23.3125
23.5357
23.4799
20.6899
20.1877
20.2993
20.0203
20.1319
20.1319
20.3551
20.6899
20.7457
20.7457
21.0805
22.5871
21.8617
21.4153
20.8573
20.8015
20.6899
20.6899
20.4109
20.3551
21.8059
20.4109
20.2993
20.4667
20.6899
20.1877
20.2993
20.0203
20.1319
20.1319
20.3551
20.6899
20.7457
20.7457
21.0805
22.5871
21.8617
21.4153
20.8573
20.7457
20.6341
20.4109
20.4667
20.5225
20.4109
20.6341
20.7457
20.9131
20.8015
20.7457
20.6899
20.6899
20.8015
20.6899
20.8015
20.8573
21.4153
21.8059
21.6385
23.0893
23.6473
23.8147
23.8705
24.6517
23.6473
21.8617
21.3595
21.1921
20.8573
20.6899
20.7457
20.6899
20.8015
20.7457
20.6341
20.5225
20.5225
20.4109
20.3551
20.5783
21.1363
21.6943
23.6473
23.6473
24.3727
24.3727
24.2053
23.8147
23.6473
19.9645
20.2993
20.2993
21.1363
21.0805
21.1363
21.0247
20.1319
20.2435
20.4109
20.4667
20.5225
20.2435
20.4667
21.6943
22.7545
22.9777
24.0937
24.3727
24.0379
24.4843
24.3169
23.6473
23.2567
22.5313
21.5269
21.2479
20.2435
20.1319
20.0761
20.1877
21.0247
20.9689
20.7457
20.7457
20.8015
20.7457
20.8573
21.5269
22.3639
24.2053
25.7119
25.2097
25.6003
25.7677
25.5445
25.1539
24.9307
23.0893
22.4197
22.1407
21.1363
21.0805
20.9689
21.0247
21.4153
21.3595
21.0247
20.9689
21.0247
20.9131
21.3037
21.9733
23.4241
25.2655
25.9351
25.6003
26.3257
25.4329
25.8235
25.6561
24.3169
23.3125
22.6429
22.5313
21.9175
21.6943
21.5269
21.3037
21.9733
21.6385
21.5269
21.5269
21.2479
21.2479
21.2479
22.0291
23.1451
23.4241
24.0379
24.9865
25.9351
25.4329
25.0981
23.9821
24.3169
22.8661
22.3639
22.3639
22.5313
22.4197
22.0849
22.1407
21.5269
21.9733
22.1965
21.1921
21.1363
21.1921
21.1921
21.1921
21.1921
21.3037
21.4711
22.2523
24.5959
24.1495
24.7633
24.5401
23.8705
22.5313
22.1965
21.6385
22.1407
22.1407
21.9733
21.8059
20.9689
21.0805
20.7457
20.8015
20.7457
20.8573
20.9689
21.0805
21.1921
22.4755
22.6429
22.3639
23.2009
23.3683
22.9777
22.8661
22.7545
21.8617
21.0805
20.8573
21.7501
21.8059
21.2479
20.8573
20.7457
20.5225
20.2993
20.4667
20.1319
20.0761
20.2993
20.8015
21.7501
22.0849
23.2567
24.8749
24.9865
25.0423
24.7075
24.8749
24.2053
22.3081
21.6943
21.4711
20.8573
20.6899
20.6341
20.8573
20.8573
20.7457
20.6341
20.5783
20.9131
20.6899
21.0247
21.5827
22.6987
23.7589
24.5959
24.9307
25.4887
24.8191
25.1539
25.3213
24.0379
23.0893
22.7545
22.4197
21.3595
21.3037
21.0805
20.9131
21.4711
21.1363
20.9689
21.0247
20.6341
20.5783
20.7457
21.4711
21.8059
22.0291
22.7545
24.7075
24.4285
23.8147
23.3125
23.2009
22.7545
22.2523
21.8059
21.4711
22.3639
22.1407
22.0291
21.5827
20.5225
20.4109
20.4109
20.4109
20.1877
19.9087
19.7971
19.7971
20.1319
20.6899
22.0849
22.2523
21.6385
21.5827
21.4711
21.1363
20.8015
20.6899
20.7457
20.6341
21.2479
21.3595
20.9689
20.7457
20.2993
19.8529
19.7971
19.5739
19.4065
19.1833
19.0159
19.4623
20.2435
21.0247
20.5783
20.7457
21.3037
21.0247
20.7457
20.8015
20.2435
19.4065
19.3507
19.4623
19.9645
19.4065
19.7971
20.0761
19.0717
19.1833
19.1275
18.9601
18.8485
18.6811
18.7927
19.4623
19.7971
20.4667
21.4153
21.4153
21.3595
21.3037
22.3081
21.8617
20.9131
20.2993
19.9087
19.8529
19.4623
19.6855
19.4065
19.1833
20.0203
19.7971
19.6855
19.5181
19.5181
19.6297
19.8529
20.5783
20.1319
21.0805
21.8617
21.8617
22.6987
22.9219
23.2009
22.5313
21.7501
21.3595
20.9689
20.5783
20.0203
19.8529
19.8529
19.9087
19.8529
19.5181
19.4623
19.4623
19.6855
19.5181
19.7413
20.2435
20.6899
21.1921
22.5871
23.1451
22.5871
23.3125
23.0335
23.2009
22.3639
21.4711
21.0805
21.0247
20.2993
20.2435
20.0761
19.7971
20.2993
20.2993
20.1877
20.5783
20.1319
20.4667
20.3551
20.2435
20.6341
20.8015
20.0203
19.7971
19.6855
19.5739
19.6855
19.1833
18.9043
18.7927
18.7927
18.6811
21.0247
20.6341
20.5225
20.3551
19.0159
19.0717
19.1275
19.1275
19.2391
19.2391
19.2949
19.3507
19.5181
19.4065
19.3507
19.5181
19.4065
19.5739
19.6855
19.8529
19.9087
19.8529
19.9645
20.0203
18.7927
18.8485
18.9043
18.9601
20.5783
20.6341
20.6341
20.6899
20.6899
20.6341
20.6341
20.6341
20.6899
21.1921
21.3037
22.3081
23.0335
22.8103
22.0849
21.0805
20.7457
20.6899
20.6899
20.6341
20.1319
20.2435
20.4109
20.4667
20.7457
20.7457
20.7457
20.8015
20.8573
20.7457
20.8015
21.0247
21.3595
21.8059
23.5357
25.2097
25.2097
25.1539
24.4285
25.3771
24.0379
22.3639
21.8617
21.8059
20.6341
20.6899
20.7457
20.7457
21.4711
21.2479
21.3037
21.1363
21.1921
21.0805
21.2479
21.9175
23.2009
24.9865
25.4329
25.7677
25.7119
25.9351
25.6561
25.0423
23.7589
22.7545
22.3081
22.2523
21.5827
21.5269
21.7501
21.5269
21.5269
21.3595
21.0247
20.9689
20.8573
20.7457
20.8015
21.9733
23.8147
23.4241
25.0423
25.3213
25.6561
25.6003
26.3815
25.6003
23.7031
22.8103
22.5313
22.6429
22.0291
21.9733
21.9175
21.6943
21.1921
20.9131
20.5225
20.2993
19.9645
19.9645
19.7413
19.9087
20.4109
21.1921
21.4153
20.9689
21.1921
22.0849
21.5269
21.0247
20.9131
20.7457
20.8573
21.0805
22.6987
22.1965
21.8059
21.3037
19.9087
19.4623
19.0717
18.9043
18.7369
18.7369
18.7369
18.9601
19.2391
19.5739
19.6297
21.0247
22.7545
22.3081
22.1965
22.8661
21.4711
20.1877
19.9087
20.5783
20.8015
20.6341
20.4109
20.1877
20.2993
20.2435
19.6855
20.0203
19.8529
19.5181
19.4623
20.6899
20.9131
21.8617
23.2009
24.4285
24.4843
23.7031
22.8103
23.3683
22.3639
21.2479
20.9131
20.9131
20.4667
19.9645
19.9087
20.1319
20.4109
20.4109
20.6899
20.2435
20.4109
20.1877
20.0761
20.1877
22.8661
22.8103
23.2567
24.5401
24.3727
23.7589
23.2567
23.7031
22.8661
22.0291
21.1921
20.8015
20.6341
20.5783
20.4667
20.4109
20.9689
20.8015
20.6341
20.5783
20.1877
19.9087
19.9645
20.5225
21.5827
22.0849
23.5915
24.6517
24.3727
24.7633
24.7633
23.8147
22.9777
21.8617
21.6943
21.5827
21.0247
21.6943
21.4153
20.8015
20.1319
20.0203
19.9645
19.7971
19.5739
19.8529
19.8529
20.0203
20.7457
21.3037
21.5827
22.8103
23.8147
24.3727
22.8661
22.6987
21.8617
21.4153
21.2479
20.9131
21.1921
20.8573
20.5225
20.2993
19.9645
19.6297
19.6855
19.6297
19.6297
19.6855
19.6297
19.8529
20.2435
20.9689
21.4153
21.6943
21.8059
22.1965
21.5269
21.4153
21.1363
20.6899
20.5225
20.2435
20.5783
20.3551
20.2993
20.1319
19.0717
19.0717
18.7927
19.0717
19.0717
19.0159
19.0717
19.1833
20.1877
21.2479
22.4755
22.8103
22.1965
22.9777
23.5915
22.6987
21.8059
20.6899
20.6341
20.1877
20.0761
19.7413
19.6297
19.3507
18.2905
18.1231
17.5651
17.3977
17.6209
17.5651
17.6209
19.2949
21.0805
21.9175
22.6429
23.8705
23.5357
23.3125
23.9821
23.3125
22.6987
20.9689
20.4109
20.2993
20.0203
20.0761
19.6297
19.4623
19.0717
18.7927
18.2347
18.0115
18.1231
18.0673
17.8999
19.4623
21.4153
22.5871
23.9821
23.4241
23.3683
23.2567
22.3081
22.3081
21.3595
21.4711
20.8573
20.9131
19.8529
19.5181
19.2391
19.1275
20.5225
20.3551
19.8529
20.0203
19.9645
19.7971
19.4065
20.9131
21.5269
23.0893
23.1451
22.4755
21.5827
22.3639
22.2523
21.4711
21.5827
20.8573
20.8573
20.7457
20.9131
20.5783
20.7457
20.4109
19.9645
19.8529
19.6855
19.5181
19.2949
19.0717
19.0159
19.1275
19.1275
19.0717
19.0159
18.8485
18.6811
18.5137
18.4021
18.2905
18.2905
18.1231
17.8999
17.8441
20.5225
20.4109
20.2435
20.1319
16.8955
16.7839
16.6165
16.5049
16.3933
16.2817
16.1701
16.2259
16.8955
18.0673
19.3507
17.8441
18.8485
19.0159
18.8485
18.6253
18.5137
17.4535
16.8397
16.7281
17.6767
17.5093
17.2861
17.1187
14.9983
14.9425
14.8867
14.7193
14.5519
14.4403
14.4961
15.2773
16.2817
17.3977
17.4535
18.9043
19.4623
19.5739
19.8529
19.6297
18.6253
17.6767
17.1187
17.0629
16.3375
15.8911
15.6121
15.3331
15.5563
15.5005
15.3331
15.3331
15.0541
14.9425
14.9983
15.8911
17.1745
18.5137
18.7927
18.9043
20.1319
20.6341
20.5783
20.4667
19.2391
18.1789
17.8441
17.4535
16.8397
16.7839
16.2817
16.0585
16.0585
16.0027
15.6121
15.2773
15.1657
15.0541
15.1657
15.7237
16.8955
18.2347
17.7883
19.3507
20.5783
20.6341
20.8573
20.0203
19.1833
16.8955
16.5607
16.0585
17.1745
16.9513
16.5049
16.2817
16.2817
16.1143
15.7237
15.8353
15.3331
15.1657
14.8867
16.1701
17.5651
19.3507
19.6297
20.1877
20.3551
20.9689
20.8015
20.3551
18.4579
17.0071
16.6723
16.4491
17.3419
16.3375
16.7281
17.1187
16.1143
16.0027
15.5563
15.2773
15.1099
14.9983
14.8309
15.8353
18.3463
18.7369
20.2435
20.9689
21.0247
21.4711
21.3037
21.4711
19.2391
17.7883
17.5093
17.1187
16.6165
16.5049
16.0585
16.2259
16.5049
15.9469
16.2259
15.9469
15.5563
15.5005
15.5563
16.3933
18.2347
19.0717
20.1319
21.5827
21.9175
21.8617
22.0849
22.1407
20.3551
18.3463
17.9557
17.9557
17.1745
17.0629
17.1187
16.6165
17.8999
17.5093
16.4491
16.1701
15.7237
15.7237
15.7237
17.5093
18.7927
20.0761
21.1363
20.6899
22.0291
22.1407
21.5827
20.6899
20.0203
17.5651
18.3463
17.8441
18.0115
17.6209
18.0115
18.1789
17.1187
17.5093
17.3977
16.8397
16.8397
16.7281
16.6165
17.5651
18.7927
18.7927
19.8529
20.5225
20.0203
19.5739
19.5739
19.5739
19.1275
18.7927
18.5695
18.9043
18.3463
18.6811
18.1231
17.7883
18.9043
18.7927
18.1789
18.2905
17.8999
17.9557
17.8441
17.8441
18.2347
18.9043
20.1877
20.2435
20.9689
19.5739
17.6767
16.7839
16.6723
16.5049
17.2861
16.4491
18.5137
18.2905
18.5137
18.9043
17.2861
17.3977
17.0629
16.6723
17.0629
17.1745
16.8955
17.8441
18.2905
19.4623
20.0203
20.4667
21.0805
20.9131
20.9689
20.9689
19.8529
19.1275
18.7369
18.6811
16.1143
17.0629
17.3977
17.2303
17.4535
17.7325
17.2861
17.1187
17.3977
17.2303
17.0071
17.6209
19.9645
21.5269
21.9175
22.2523
22.8103
23.0893
22.9777
22.7545
20.5225
19.2949
18.9043
18.7369
18.6811
18.2905
18.4579
18.0673
17.8441
17.5093
17.6767
17.8999
17.4535
18.2347
17.7325
18.1231
19.8529
21.3595
21.8059
22.9777
23.7031
23.4799
23.8147
23.2567
21.4711
19.1275
18.8485
18.7927
18.5137
18.5695
18.4579
18.1789
18.2347
18.6811
18.5137
18.2347
18.3463
18.1789
18.0115
18.3463
19.2949
20.8573
21.9733
21.9175
22.5871
22.8661
22.8661
22.3081
19.9645
18.5137
18.0115
17.9557
20.0761
19.4065
18.2905
18.3463
16.6723
16.1143
16.5049
16.0585
15.9469
15.7795
15.8911
16.3933
18.2347
19.9087
20.3551
20.8015
22.3639
22.0291
22.6429
22.1407
19.6297
18.2347
17.8441
17.6209
17.8999
17.7325
17.1745
16.6723
16.6165
16.0027
16.2817
15.9469
15.4447
15.4447
15.4447
16.4491
17.8999
20.0203
21.4711
22.4755
22.4755
22.7545
22.7545
22.6987
19.9645
18.6253
18.5137
18.5137
17.3977
17.3977
17.1187
17.0629
17.3977
17.3977
17.3419
17.0629
16.8955
16.6723
16.4491
18.2347
19.3507
19.4623
21.6943
22.2523
22.4197
22.4197
22.5871
22.5313
19.8529
18.7927
18.9601
18.6811
18.1789
18.4021
17.7883
17.8441
17.1745
17.1187
16.9513
16.6723
17.0071
16.6165
16.9513
16.7839
18.0673
20.1877
21.4711
21.9733
22.8103
22.7545
23.0893
22.8103
20.6341
19.0717
18.9043
18.7369
18.4579
18.4021
18.0673
17.2861
17.3419
17.3419
17.1187
17.1745
16.9513
16.8397
16.7839
17.6767
19.6297
21.4153
22.5871
22.1407
22.9777
23.3125
22.8103
22.7545
20.9689
19.6855
19.4065
19.2949
18.7369
18.4021
18.1789
18.2347
18.4021
18.1789
18.5137
18.1789
18.2905
18.6253
18.4579
18.9601
19.2949
20.2435
22.3639
22.5313
22.8103
23.3125
23.0335
22.5313
21.1921
20.3551
19.9645
19.0717
19.2949
19.2949
19.0159
18.5137
17.9557
17.4535
17.4535
17.0071
16.7281
16.6723
16.3933
16.5607
17.0071
18.1231
19.8529
20.3551
20.5225
20.6341
20.1877
19.8529
19.0717
17.7325
17.9557
17.5093
19.4065
19.0717
18.5137
18.2905
16.1701
15.7795
15.2773
14.9425
14.7751
14.8867
14.9983
15.5563
16.3933
18.2347
19.0717
19.5739
20.0761
19.9087
20.1877
19.7971
18.7369
17.2303
16.8955
16.7281
16.9513
16.6723
16.2817
16.4491
15.9469
15.7237
15.7237
15.5005
15.3331
15.3889
15.5005
16.4491
18.1789
19.0159
20.2993
20.8573
20.8573
21.4153
21.0805
20.8015
19.7971
18.2347
17.8441
17.6767
16.6165
16.3933
16.2259
16.0027
17.7883
18.2347
17.8999
17.8441
16.9513
16.9513
16.7281
17.2303
18.1789
19.6297
19.7413
20.6899
20.5783
21.3595
21.1363
21.1921
19.7971
18.0673
17.6209
17.4535
17.6209
17.5651
17.7325
17.7883
16.5607
16.7281
16.5049
16.0585
15.8353
15.7795
15.7237
17.0071
18.0115
19.7413
20.2435
19.5181
21.0805
21.3595
21.1921
20.5783
19.0717
17.8999
17.5093
17.5651
17.2861
17.0071
16.7839
16.3933
17.8999
17.6209
17.0071
17.1745
16.9513
17.1745
17.2303
17.5093
18.9601
20.6899
21.5827
22.0291
22.4755
21.5269
20.9131
21.1363
20.4667
19.2949
18.6253
18.9601
17.5093
17.6209
17.7883
17.8441
18.8485
18.6253
18.5137
18.6253
18.8485
18.7369
18.5695
18.5695
18.5695
19.2949
19.4623
21.8617
20.8015
20.9131
20.6899
20.6899
19.6297
19.4065
19.0717
18.7927
19.0717
19.0159
18.9043
18.9601
17.7883
17.6209
17.3419
16.6723
16.3933
16.8955
16.8397
17.2861
18.7927
19.5739
21.0805
20.6341
21.6943
21.4711
21.0805
20.6341
19.6297
18.2347
17.8441
17.7325
18.5137
18.2905
18.1231
17.9557
16.8955
16.8397
16.8397
17.0629
17.3977
17.5093
17.4535
17.5093
17.7325
18.9043
19.2391
19.9645
20.4667
20.8573
21.0247
20.6899
19.4623
18.7927
18.6253
18.6253
17.6767
17.4535
17.6209
17.1187
18.6811
18.3463
17.8441
17.5093
17.1187
16.8397
16.4491
16.7839
17.7883
18.2347
20.0761
20.0203
21.1363
21.5269
21.0247
20.1319
18.9043
17.9557
17.3419
17.6209
18.6253
18.3463
18.5137
18.9043
15.2773
15.1657
15.9469
15.1099
14.8309
14.4403
14.1613
15.2215
16.7839
17.2861
18.9601
19.3507
19.9645
19.5739
19.4623
19.5181
18.2347
17.0071
16.9513
17.0071
16.8955
16.5049
16.4491
15.6121
16.9513
17.0629
17.0629
16.8397
16.8955
16.7839
16.6723
16.6723
18.1231
19.0159
19.6855
20.8015
20.1877
21.1921
20.5225
19.9087
19.2949
18.5137
18.3463
18.3463
17.0071
17.1187
16.8955
17.0629
17.6767
17.5093
17.4535
17.4535
17.1745
17.3419
17.1187
17.3419
18.2905
19.7971
19.9645
20.2435
20.2993
21.4153
20.4667
20.1877
19.6297
18.9043
19.2391
18.6811
18.1789
17.9557
17.8999
17.7325
17.2861
17.2303
17.0629
16.9513
16.7281
17.2303
17.3977
17.6209
18.1231
19.8529
20.9689
21.0805
20.5783
20.6899
21.0247
20.5783
19.7971
18.5137
18.5137
18.3463
18.4579
18.2347
17.7325
17.5093
17.5651
17.4535
17.2303
16.4491
16.2259
16.0585
16.0027
16.5049
19.1275
19.1833
21.1921
20.9131
20.8015
20.7457
20.9131
19.9087
19.5739
18.7369
18.6811
18.5695
18.4021
18.1789
17.9557
17.6767
17.4535
17.5093
17.3419
17.1745
17.1745
16.9513
16.5049
16.8955
19.0159
19.9087
20.8573
20.9689
21.0247
21.3037
21.0805
20.9131
19.6855
18.1231
17.7325
17.7883
18.2347
18.0115
17.7325
17.6767
16.5607
16.5049
16.4491
16.1701
16.0585
15.8911
15.8911
16.2817
18.2347
19.5739
20.6899
21.2479
21.8617
21.3595
21.4711
21.2479
19.5739
18.2347
17.7325
17.8999
17.5651
17.2303
17.0629
16.9513
17.7325
17.6209
17.5093
17.1187
16.3375
16.1701
15.8353
16.7839
18.2905
18.9043
20.8573
21.3595
21.5827
21.5269
21.4153
20.9131
18.8485
17.4535
17.1187
17.0629
17.8441
17.3419
17.3419
18.0115
16.1143
16.0585
16.0027
15.6121
15.3889
15.3889
15.2215
15.7237
17.4535
19.0159
20.0761
20.5225
21.1363
21.3595
21.1363
21.4711
19.0717
17.9557
17.6209
17.5093
17.0629
16.6723
16.6165
16.5049
16.6165
16.3933
16.3375
16.6165
16.8955
16.7839
16.5607
17.1187
17.6767
18.5695
19.5739
21.0247
21.6385
22.0849
22.4197
22.1407
20.4109
19.2391
18.8485
18.7927
17.2303
17.0629
16.9513
16.8955
18.6811
18.5137
18.1789
17.7325
17.7325
17.1187
17.0629
17.4535
18.8485
20.5225
22.3081
21.8059
23.2009
22.0849
22.5313
21.8617
21.4153
20.3551
20.3551
19.7971
18.6253
18.4579
18.5695
18.8485
17.7883
17.3977
16.8955
16.8397
16.5607
16.3933
16.2259
16.1143
16.3375
16.2817
17.1745
17.2861
17.5093
18.0115
18.1789
17.7325
16.6723
16.0027
15.6121
15.4447
19.3507
18.8485
18.5695
18.1231
14.1613
14.2171
14.5519
14.1055
13.6591
13.4359
12.8779
13.4359
15.4447
16.7281
18.1231
18.9601
19.0159
18.6253
18.8485
18.2905
16.3375
14.9983
14.7751
14.6635
15.1657
14.8309
14.7193
14.5519
13.9381
13.7149
13.6591
13.7707
13.7149
13.6033
13.6591
14.0497
15.2215
16.2817
16.8397
18.2347
18.5695
18.7369
19.2391
18.5695
17.6209
15.9469
15.3889
15.5005
14.4403
14.1613
14.0497
13.9939
15.8353
15.9469
16.0585
15.8353
16.0585
16.0585
15.9469
16.0027
16.1701
16.4491
16.6165
16.9513
17.0071
16.8397
16.8397
16.6165
16.4491
16.1701
16.1143
16.0585
15.2773
15.3331
15.6121
15.7237
15.2773
14.9425
14.8309
14.8309
14.8309
14.8867
14.9425
14.8867
14.9983
15.0541
15.0541
14.9425
14.9983
14.8867
14.9983
14.9425
14.9983
14.9983
15.0541
15.0541
15.8353
15.7795
15.7237
15.4447
15.0541
15.1099
15.1099
15.2215
15.2215
15.2773
15.2773
15.3889
15.6121
16.0027
16.1701
15.8911
16.0585
16.1701
16.2259
16.1143
16.0585
16.1701
16.0585
16.1143
14.9983
14.9983
15.0541
15.0541
15.0541
15.1099
15.1099
15.2215
15.2215
15.2773
15.6121
16.1701
16.7281
17.5093
18.0673
18.2347
18.9043
19.1833
20.0203
19.4623
19.0717
18.4021
18.4021
18.6253
16.2259
16.3933
16.3933
17.5651
18.7369
18.3463
17.6209
17.0071
16.6723
16.3375
16.1701
16.0585
16.1143
15.9469
15.6679
15.8353
15.3889
15.2215
15.2215
15.2215
15.3331
15.3889
15.2773
15.4447
18.6253
18.8485
18.9601
18.7927
15.1099
15.0541
14.9425
14.7751
14.7751
14.6635
14.6635
14.6077
14.6635
14.7193
14.8309
14.8309
14.9425
14.7193
14.4961
13.9381
13.1011
12.5989
11.9293
11.4829
15.3889
15.2773
15.2773
15.2773
10.3111
10.1995
9.9763
9.7531
9.5857
9.7531
9.7531
9.8647
9.9763
10.3669
10.9807
11.2597
11.2039
11.9293
12.1525
12.1525
11.7619
10.7017
10.0879
11.0365
11.0923
10.9807
10.8133
10.5901
9.1393
9.0277
8.4139
8.0791
8.0791
7.8559
7.6327
9.0277
10.3669
11.9851
13.6033
13.9939
14.9425
14.7751
15.3889
15.5005
13.5475
12.0409
11.9293
11.7061
10.7017
10.4785
10.3111
9.8647
11.2039
10.8691
10.4785
10.4785
10.1437
10.1437
9.8647
10.5901
11.9293
13.1569
14.3287
15.1657
15.8911
16.3933
16.5607
16.5049
15.2773
13.8265
13.7707
13.6033
11.2039
11.5387
12.0967
11.4829
14.0497
14.3845
14.5519
14.3845
14.2729
14.4403
14.3287
14.7751
15.3331
17.2303
18.5137
18.2347
18.8485
19.1275
18.5137
17.8999
17.5651
17.1187
17.1187
17.0071
13.9939
14.0497
14.1613
13.7707
16.5049
16.5607
16.2817
16.1701
15.9469
15.7795
16.1143
16.3375
16.7281
17.0071
18.2905
18.6253
19.0717
19.1275
18.8485
18.6253
18.2905
17.3419
17.2303
17.3419
16.8397
16.8397
16.8397
16.5049
17.0071
17.0071
16.7281
16.9513
16.7281
16.7281
16.5607
16.7839
17.3977
19.4065
19.7971
19.9087
20.3551
20.2993
20.8573
20.7457
19.0717
18.0673
17.4535
17.3419
17.2861
17.1745
16.9513
16.9513
16.7839
16.2817
16.3375
16.1701
15.8353
15.4447
15.2773
15.4447
16.5607
17.0629
18.9043
19.5181
19.7971
19.8529
20.0203
19.4065
17.7883
16.5049
16.2817
16.2817
17.0629
17.4535
17.2303
16.8397
15.1657
14.8867
14.7751
14.7751
14.4961
14.9983
15.1657
15.0541
15.7795
16.8955
17.9557
19.1833
19.7413
19.5181
19.6855
19.2391
18.0673
16.8955
16.8397
16.4491
16.2259
16.1143
15.6679
15.3889
15.7795
15.8353
15.6121
15.9469
16.0585
16.0027
15.6121
15.3889
16.0585
16.5607
17.3977
17.7883
18.4021
18.2905
18.5695
18.5695
17.8999
17.6767
17.6767
17.3977
16.5049
16.7281
16.6165
16.1143
16.2817
16.0585
14.8867
14.7751
14.3845
14.2729
13.8265
13.3243
13.2685
13.1569
12.7105
12.5431
12.1525
12.0967
11.8177
11.5945
11.5387
11.4829
11.4271
11.3155
17.1745
16.9513
16.7281
16.5607
11.1481
11.0365
11.0923
11.0923
10.8691
10.7575
10.5343
10.8133
11.7619
12.3757
13.8265
14.3287
14.9425
15.8911
16.0585
15.8353
14.9425
12.8779
12.2641
12.6547
11.3713
11.3155
11.2597
11.1481
11.0923
10.8133
10.8133
10.7017
10.4227
10.4785
10.1437
10.7575
12.4315
14.7751
15.4447
16.3375
16.6165
16.4491
16.6165
16.5607
15.3331
13.5475
13.1569
13.0453
12.0967
11.6503
11.9851
11.3713
12.4315
12.4315
12.3199
12.3199
11.8735
11.7061
11.4829
11.7619
13.4359
15.6121
16.9513
17.5651
17.8999
18.2347
18.4021
17.7883
16.8397
15.2773
14.7751
14.6077
12.9895
13.1569
12.9337
12.6547
13.8823
13.7707
13.3243
13.1011
12.5989
12.4873
12.7663
13.3243
14.8309
16.1701
17.4535
18.5137
19.1833
19.6297
19.2391
19.6297
17.7325
16.2817
15.8353
15.7237
14.5519
14.4961
14.4961
14.2171
14.9983
14.9983
14.3845
14.0497
14.0497
13.5475
14.8309
15.0541
15.5563
16.0585
17.2861
18.9601
19.4065
19.0717
19.4065
18.5137
17.6209
16.7839
16.4491
16.0027
15.5563
15.6121
15.5005
15.3331
14.9425
14.6635
14.4961
13.9381
13.9381
13.9939
13.4917
13.2685
13.8823
14.3845
15.6121
17.2861
17.7325
17.3977
17.7325
16.8397
15.9469
15.1099
13.8823
13.7707
15.8353
15.6679
15.2215
14.8867