20090101
20091231
22.30
22.30
22.30
22.30
22.30
22.30
22.30
22.30
22.30
22.30
22.30
22.30
22.30
22.30
22.30
22.30
22.30
22.30
22.30
22.30
22.30
22.30
22.30
22.30
22.30
22.30
22.30
22.30
22.30
22.30
22.30
22.30
22.30
22.30
22.30
22.30
22.30
22.30
22.30
22.30
22.30
22.30
22.30
22.30
22.30
22.30
22.30
22.30
22.30
22.30
22.30
22.30
22.30
22.30
22.30
22.30
22.30
22.30
22.30
22.30
22.30
22.30
22.30
22.30
22.30
22.30
22.30
22.30
22.30
22.30
22.30
22.30
22.30
22.30
22.30
22.30
22.30
22.30
22.30
22.30
22.30
22.30
22.30
22.30
22.30
22.30
22.30
22.30
22.30
22.30
22.30
22.30
22.30
22.30
22.30
22.30
22.30
22.30
22.30
22.20
22.20
22.20
22.20
22.20
22.20
22.20
22.20
22.20
22.10
22.10
22.10
22.10
22.10
22.10
22.10
22.10
22.00
22.00
22.00
22.00
22.00
22.00
22.00
22.00
22.00
21.90
21.90
21.90
21.90
21.90
21.90
21.90
21.90
21.90
21.80
21.80
21.80
21.80
21.80
21.80
21.80
21.80
21.80
21.80
21.70
21.70
21.70
21.70
21.70
21.70
21.70
21.70
21.70
21.70
21.70
21.60
21.60
21.60
21.60
21.60
21.60
21.60
21.60
21.60
21.60
21.60
21.60
21.60
21.50
21.50
21.50
21.50
21.50
21.50
21.50
21.50
21.50
21.50
21.50
21.50
21.50
21.50
21.50
21.50
21.50
21.50
21.40
21.40
21.40
21.40
21.40
21.40
21.40
21.40
21.40
21.40
21.40
21.40
21.40
21.40
21.40
21.40
21.40
21.40
21.40
21.40
21.40
21.40
21.40
21.40
21.40
21.40
21.40
21.40
21.40
21.40
21.40
21.40
21.40
21.40
21.40
21.40
21.40
21.50
21.50
21.50
21.50
21.50
21.50
21.50
21.50
21.50
21.50
21.50
21.50
21.50
21.50
21.50
21.50
21.60
21.60
21.60
21.60
21.60
21.60
21.60
21.60
21.60
21.60
21.60
21.70
21.70
21.70
21.70
21.70
21.70
21.70
21.70
21.70
21.70
21.80
21.80
21.80
21.80
21.80
21.80
21.80
21.80
21.90
21.90
21.90
21.90
21.90
21.90
21.90
22.00
22.00
22.00
22.00
22.00
22.00
22.00
22.10
22.10
22.10
22.10
22.10
22.10
22.10
22.20
22.20
22.20
22.20
22.20
22.20
22.30
22.30
22.30
22.30
22.30
22.30
22.40
22.40
22.40
22.40
22.40
22.40
22.50
22.50
22.50
22.50
22.50
22.60
22.60
22.60
22.60
22.60
22.60
22.70
22.70
22.70
22.70
22.70
22.80
22.80
22.80
22.80
22.80
22.80
22.90
22.90
22.90
22.90
22.90
23.00
23.00
23.00
23.00
23.00
23.10
23.10
23.10
23.10
23.10
23.20
23.20
23.20
23.20
23.20
23.20
23.30
23.30
23.30
23.30
23.30
23.40
23.40
23.40
23.40
23.40
23.50
23.50
23.50
23.50
23.50
23.60
23.60
23.60
23.60
23.60
23.60
23.70
23.70
23.70
23.70
23.70
23.80
23.80
23.80
23.80
23.80
23.80
23.90
23.90
23.90
23.90
23.90
23.90
24.00
24.00
24.00
24.00
24.00
24.00
24.10
24.10
24.10
24.10
24.10
24.10
24.20
24.20
24.20
24.20
24.20
24.20
24.20
24.30
24.30
24.30
24.30
24.30
24.30
24.30
24.40
24.40
24.40
24.40
24.40
24.40
24.40
24.40
24.50
24.50
24.50
24.50
24.50
24.50
24.50
24.50
24.50
24.60
24.60
24.60
24.60
24.60
24.60
24.60
24.60
24.60
24.60
24.60
24.60
24.70
24.70
24.70
24.70
24.70
24.70
24.70
24.70
24.70
24.70
24.70
24.70
24.70
24.70
24.70
24.70
24.70
24.70
24.70
24.70
24.70
24.70
24.70
24.70
24.70
24.70
24.70
24.70
24.70
24.70
24.70
24.70
24.70
24.70
24.70
24.70
24.70
24.70
24.70
24.70
24.70
24.70
24.70
24.70
24.70
24.70
24.70
24.70
24.70
24.70
24.70
24.70
24.70
24.70
24.70
24.70
24.60
24.60
24.60
24.60
24.60
24.60
24.60
24.60
24.60
24.60
24.60
24.60
24.60
24.60
24.60
24.60
24.60
24.60
24.60
24.60
24.60
24.60
24.50
24.50
24.50
24.50
24.50
24.50
24.50
24.50
24.50
24.50
24.50
24.50
24.50
24.50
24.50
24.50
24.50
24.50
24.50
24.50
24.50
24.50
24.50
24.50
24.50
24.50
24.50
24.50
24.50
24.50
24.50
24.50
24.50
24.50
24.50
24.50
24.50
24.50
24.50
24.50
24.50
24.50
24.50
24.50
24.50
24.50
24.50
24.50
24.50
24.50
24.50
24.50
24.50
24.60
24.60
24.60
24.60
24.60
24.60
24.60
24.60
24.60
24.60
24.60
24.70
24.70
24.70
24.70
24.70
24.70
24.70
24.70
24.80
24.80
24.80
24.80
24.80
24.80
24.80
24.90
24.90
24.90
24.90
24.90
24.90
24.90
25.00
25.00
25.00
25.00
25.00
25.00
25.00
25.10
25.10
25.10
25.10
25.10
25.10
25.20
25.20
25.20
25.20
25.20
25.20
25.30
25.30
25.30
25.30
25.30
25.30
25.30
25.40
25.40
25.40
25.40
25.40
25.40
25.50
25.50
25.50
25.50
25.50
25.50
25.50
25.50
25.60
25.60
25.60
25.60
25.60
25.60
25.60
25.60
25.70
25.70
25.70
25.70
25.70
25.70
25.70
25.70
25.70
25.70
25.70
25.70
25.80
25.80
25.80
25.80
25.80
25.80
25.80
25.80
25.80
25.80
25.80
25.80
25.80
25.80
25.80
25.80
25.80
25.80
25.80
25.80
25.80
25.80
25.80
25.80
25.80
25.70
25.70
25.70
25.70
25.70
25.70
25.70
25.70
25.70
25.70
25.60
25.60
25.60
25.60
25.60
25.60
25.60
25.50
25.50
25.50
25.50
25.50
25.40
25.40
25.40
25.40
25.40
25.30
25.30
25.30
25.30
25.20
25.20
25.20
25.20
25.10
25.10
25.10
25.00
25.00
25.00
25.00
24.90
24.90
24.90
24.80
24.80
24.80
24.80
24.70
24.70
24.70
24.60
24.60
24.60
24.50
24.50
24.50
24.40
24.40
24.40
24.30
24.30
24.30
24.20
24.20
24.20
24.10
24.10
24.10
24.00
24.00
24.00
23.90
23.90
23.80
23.80
23.80
23.70
23.70
23.70
23.60
23.60
23.60
23.50
23.50
23.50
23.40
23.40
23.40
23.30
23.30
23.20
23.20
23.20
23.10
23.10
23.10
23.00
23.00
23.00
22.90
22.90
22.90
22.80
22.80
22.80
22.70
22.70
22.70
22.60
22.60
22.60
22.60
22.50
22.50
22.50
22.40
22.40
22.40
22.30
22.30
22.30
22.30
22.20
22.20
22.20
22.20
22.10
22.10
22.10
22.10
22.00
22.00
22.00
22.00
21.90
21.90
21.90
21.90
21.90
21.80
21.80
21.80
21.80
21.80
21.70
21.70
21.70
21.70
21.70
21.70
21.70
21.60
21.60
21.60
21.60
21.60
21.60
21.60
21.60
21.60
21.60
21.50
21.50
21.50
21.50
21.50
21.50
21.50
21.50
21.50
21.50
21.50
21.50
21.50
21.50
21.50
21.50
21.50
21.50
21.50
21.50
21.50
21.50
21.50
21.50
21.50
21.50
21.50
21.50
21.50
21.50
21.60
21.60
21.60
21.60
21.60
21.60
21.60
21.60
21.60
21.60
21.60
21.60
21.70
21.70
21.70
21.70
21.70
21.70
21.70
21.70
21.70
21.80
21.80
21.80
21.80
21.80
21.80
21.80
21.90
21.90
21.90
21.90
21.90
21.90
21.90
22.00
22.00
22.00
22.00
22.00
22.00
22.10
22.10
22.10
22.10
22.10
22.20
22.20
22.20
22.20
22.20
22.20
22.30
22.30
22.30
22.30
22.30
22.40
22.40
22.40
22.40
22.40
22.50
22.50
22.50
22.50
22.50
22.60
22.60
22.60
22.60
22.60
22.70
22.70
22.70
22.70
22.70
22.80
22.80
22.80
22.80
22.80
22.90
22.90
22.90
22.90
22.90
23.00
23.00
23.00
23.00
23.00
23.10
23.10
23.10
23.10
23.10
23.10
23.20
23.20
23.20
23.20
23.20
23.30
23.30
23.30
23.30
23.30
23.40
23.40
23.40
23.40
23.40
23.50
23.50
23.50
23.50
23.50
23.50
23.60
23.60
23.60
23.60
23.60
23.60
23.70
23.70
23.70
23.70
23.70
23.80
23.80
23.80
23.80
23.80
23.80
23.90
23.90
23.90
23.90
23.90
23.90
23.90
24.00
24.00
24.00
24.00
24.00
24.00
24.10
24.10
24.10
24.10
24.10
24.10
24.10
24.20
24.20
24.20
24.20
24.20
24.20
24.20
24.20
24.30
24.30
24.30
24.30
24.30
24.30
24.30
24.30
24.40
24.40
24.40
24.40
24.40
24.40
24.40
24.40
24.40
24.50
24.50
24.50
24.50
24.50
24.50
24.50
24.50
24.50
24.50
24.50
24.50
24.60
24.60
24.60
24.60
24.60
24.60
24.60
24.60
24.60
24.60
24.60
24.60
24.60
24.60
24.60
24.60
24.70
24.70
24.70
24.70
24.70
24.70
24.70
24.70
24.70
24.70
24.70
24.70
24.70
24.70
24.70
24.70
24.70
24.70
24.70
24.70
24.70
24.70
24.70
24.70
24.70
24.70
24.70
24.70
24.70
24.70
24.70
24.70
24.70
24.70
24.70
24.70
24.70
24.70
24.70
24.70
24.70
24.70
24.70
24.70
24.70
24.70
24.70
24.70
24.70
24.70
24.70
24.60
24.60
24.60
24.60
24.60
24.60
24.60
24.60
24.60
24.60
24.60
24.60
24.60
24.60
24.60
24.60
24.60
24.60
24.60
24.60
24.50
24.50
24.50
24.50
24.50
24.50
24.50
24.50
24.50
24.50
24.50
24.50
24.50
24.50
24.50
24.40
24.40
24.40
24.40
24.40
24.40
24.40
24.40
24.40
24.40
24.40
24.40
24.40
24.30
24.30
24.30
24.30
24.30
24.30
24.30
24.30
24.30
24.30
24.30
24.30
24.20
24.20
24.20
24.20
24.20
24.20
24.20
24.20
24.20
24.20
24.10
24.10
24.10
24.10
24.10
24.10
24.10
24.10
24.10
24.10
24.10
24.00
24.00
24.00
24.00
24.00
24.00
24.00
24.00
24.00
24.00
23.90
23.90
23.90
23.90
23.90
23.90
23.90
23.90
23.90
23.90
23.90
23.80
23.80
23.80
23.80
23.80
23.80
23.80
23.80
23.80
23.80
23.80
23.80
23.70
23.70
23.70
23.70
23.70
23.70
23.70
23.70
23.70
23.70
23.70
23.70
23.60
23.60
23.60
23.60
23.60
23.60
23.60
23.60
23.60
23.60
23.60
23.60
23.60
23.60
23.60
23.50
23.50
23.50
23.50
23.50
23.50
23.50
23.50
23.50
23.50
23.50
23.50
23.50
23.50
23.50
23.50
23.50
23.50
23.50
23.50
23.50
23.50
23.40
23.40
23.40
23.40
23.40
23.40
23.40
23.40
23.40
23.40
23.40
23.40
23.40
23.40
23.40
23.40
23.40
23.40
23.40
23.40
23.40
23.40
23.40
23.40
23.40
23.40
23.40
23.40
23.50
23.50
23.50
23.50
23.50
23.50
23.50
23.50
23.50
23.50
23.50
23.50
23.50
23.50
23.50
23.50
23.60
23.60
23.60
23.60
23.60
23.60
23.60
23.60
23.70
23.70
23.70
23.70
23.70
23.70
23.70
23.80
23.80
23.80
23.80
23.80
23.90
23.90
23.90
23.90
24.00
24.00
24.00
24.00
24.10
24.10
24.10
24.10
24.20
24.20
24.20
24.30
24.30
24.30
24.40
24.40
24.40
24.50
24.50
24.50
24.60
24.60
24.70
24.70
24.70
24.80
24.80
24.90
24.90
25.00
25.00
25.00
25.10
25.10
25.20
25.20
25.30
25.30
25.40
25.40
25.50
25.50
25.60
25.70
25.70
25.80
25.80
25.90
25.90
26.00
26.00
26.10
26.10
26.20
26.30
26.30
26.40
26.40
26.50
26.60
26.60
26.70
26.70
26.80
26.90
26.90
27.00
27.00
27.10
27.20
27.20
27.30
27.30
27.40
27.50
27.50
27.60
27.70
27.70
27.80
27.80
27.90
28.00
28.00
28.10
28.20
28.20
28.30
28.30
28.40
28.50
28.50
28.60
28.70
28.70
28.80
28.80
28.90
29.00
29.00
29.10
29.10
29.20
29.30
29.30
29.40
29.40
29.50
29.60
29.60
29.70
29.70
29.80
29.80
29.90
29.90
30.00
30.10
30.10
30.20
30.20
30.30
30.30
30.40
30.40
30.50
30.50
30.60
30.60
30.70
30.70
30.80
30.80
30.90
30.90
31.00
31.00
31.00
31.10
31.10
31.20
31.20
31.30
31.30
31.30
31.40
31.40
31.40
31.50
31.50
31.50
31.60
31.60
31.70
31.70
31.70
31.70
31.80
31.80
31.80
31.90
31.90
31.90
31.90
32.00
32.00
32.00
32.10
32.10
32.10
32.10
32.10
32.20
32.20
32.20
32.20
32.30
32.30
32.30
32.30
32.30
32.30
32.40
32.40
32.40
32.40
32.40
32.40
32.40
32.50
32.50
32.50
32.50
32.50
32.50
32.50
32.50
32.60
32.60
32.60
32.60
32.60
32.60
32.60
32.60
32.60
32.60
32.60
32.60
32.60
32.60
32.60
32.60
32.60
32.60
32.60
32.60
32.60
32.60
32.60
32.60
32.60
32.60
32.60
32.60
32.60
32.60
32.60
32.60
32.60
32.60
32.60
32.60
32.60
32.60
32.60
32.60
32.60
32.60
32.60
32.60
32.60
32.60
32.60
32.50
32.50
32.50
32.50
32.50
32.50
32.50
32.50
32.50
32.50
32.50
32.40
32.40
32.40
32.40
32.40
32.40
32.40
32.40
32.30
32.30
32.30
32.30
32.30
32.30
32.30
32.20
32.20
32.20
32.20
32.20
32.20
32.20
32.10
32.10
32.10
32.10
32.10
32.10
32.10
32.00
32.00
32.00
32.00
32.00
32.00
31.90
31.90
31.90
31.90
31.90
31.90
31.80
31.80
31.80
31.80
31.80
31.70
31.70
31.70
31.70
31.70
31.70
31.60
31.60
31.60
31.60
31.60
31.50
31.50
31.50
31.50
31.50
31.50
31.40
31.40
31.40
31.40
31.40
31.40
31.30
31.30
31.30
31.30
31.30
31.20
31.20
31.20
31.20
31.20
31.20
31.10
31.10
31.10
31.10
31.10
31.10
31.00
31.00
31.00
31.00
31.00
31.00
30.90
30.90
30.90
30.90
30.90
30.90
30.90
30.80
30.80
30.80
30.80
30.80
30.80
30.80
30.70
30.70
30.70
30.70
30.70
30.70
30.70
30.70
30.60
30.60
30.60
30.60
30.60
30.60
30.60
30.60
30.60
30.60
30.50
30.50
30.50
30.50
30.50
30.50
30.50
30.50
30.50
30.50
30.50
30.50
30.50
30.40
30.40
30.40
30.40
30.40
30.40
30.40
30.40
30.40
30.40
30.40
30.40
30.40
30.40
30.40
30.40
30.40
30.40
30.40
30.40
30.40
30.40
30.40
30.40
30.40
30.40
30.40
30.40
30.40
30.40
30.40
30.40
30.40
30.40
30.40
30.40
30.40
30.40
30.40
30.40
30.40
30.40
30.40
30.40
30.40
30.40
30.40
30.40
30.40
30.40
30.40
30.40
30.40
30.40
30.40
30.40
30.40
30.40
30.40
30.40
30.40
30.50
30.50
30.50
30.50
30.50
30.50
30.50
30.50
30.50
30.50
30.50
30.50
30.50
30.50
30.50
30.50
30.50
30.50
30.50
30.60
30.60
30.60
30.60
30.60
30.60
30.60
30.60
30.60
30.60
30.60
30.60
30.60
30.60
30.60
30.70
30.70
30.70
30.70
30.70
30.70
30.70
30.70
30.70
30.70
30.70
30.70
30.70
30.70
30.70
30.80
30.80
30.80
30.80
30.80
30.80
30.80
30.80
30.80
30.80
30.80
30.80
30.80
30.90
30.90
30.90
30.90
30.90
30.90
30.90
30.90
30.90
30.90
30.90
30.90
30.90
30.90
31.00
31.00
31.00
31.00
31.00
31.00
31.00
31.00
31.00
31.00
31.00
31.00
31.00
31.10
31.10
31.10
31.10
31.10
31.10
31.10
31.10
31.10
31.10
31.10
31.10
31.20
31.20
31.20
31.20
31.20
31.20
31.20
31.20
31.20
31.20
31.20
31.20
31.30
31.30
31.30
31.30
31.30
31.30
31.30
31.30
31.30
31.30
31.30
31.30
31.40
31.40
31.40
31.40
31.40
31.40
31.40
31.40
31.40
31.40
31.40
31.50
31.50
31.50
31.50
31.50
31.50
31.50
31.50
31.50
31.50
31.50
31.60
31.60
31.60
31.60
31.60
31.60
31.60
31.60
31.60
31.60
31.70
31.70
31.70
31.70
31.70
31.70
31.70
31.70
31.70
31.70
31.80
31.80
31.80
31.80
31.80
31.80
31.80
31.80
31.80
31.80
31.90
31.90
31.90
31.90
31.90
31.90
31.90
31.90
31.90
32.00
32.00
32.00
32.00
32.00
32.00
32.00
32.00
32.00
32.10
32.10
32.10
32.10
32.10
32.10
32.10
32.10
32.10
32.20
32.20
32.20
32.20
32.20
32.20
32.20
32.20
32.30
32.30
32.30
32.30
32.30
32.30
32.30
32.30
32.30
32.40
32.40
32.40
32.40
32.40
32.40
32.40
32.40
32.50
32.50
32.50
32.50
32.50
32.50
32.50
32.50
32.60
32.60
32.60
32.60
32.60
32.60
32.60
32.60
32.70
32.70
32.70
32.70
32.70
32.70
32.70
32.70
32.80
32.80
32.80
32.80
32.80
32.80
32.80
32.80
32.90
32.90
32.90
32.90
32.90
32.90
32.90
32.90
33.00
33.00
33.00
33.00
33.00
33.00
33.00
33.10
33.10
33.10
33.10
33.10
33.10
33.10
33.10
33.20
33.20
33.20
33.20
33.20
33.20
33.20
33.20
33.30
33.30
33.30
33.30
33.30
33.30
33.30
33.40
33.40
33.40
33.40
33.40
33.40
33.40
33.40
33.50
33.50
33.50
33.50
33.50
33.50
33.50
33.60
33.60
33.60
33.60
33.60
33.60
33.60
33.60
33.70
33.70
33.70
33.70
33.70
33.70
33.70
33.80
33.80
33.80
33.80
33.80
33.80
33.80
33.90
33.90
33.90
33.90
33.90
33.90
33.90
34.00
34.00
34.00
34.00
34.00
34.00
34.00
34.10
34.10
34.10
34.10
34.10
34.10
34.10
34.20
34.20
34.20
34.20
34.20
34.20
34.20
34.30
34.30
34.30
34.30
34.30
34.30
34.30
34.40
34.40
34.40
34.40
34.40
34.40
34.50
34.50
34.50
34.50
34.50
34.50
34.50
34.60
34.60
34.60
34.60
34.60
34.60
34.70
34.70
34.70
34.70
34.70
34.70
34.80
34.80
34.80
34.80
34.80
34.80
34.90
34.90
34.90
34.90
34.90
34.90
35.00
35.00
35.00
35.00
35.00
35.00
35.10
35.10
35.10
35.10
35.10
35.10
35.20
35.20
35.20
35.20
35.20
35.20
35.30
35.30
35.30
35.30
35.30
35.40
35.40
35.40
35.40
35.40
35.40
35.50
35.50
35.50
35.50
35.50
35.60
35.60
35.60
35.60
35.60
35.70
35.70
35.70
35.70
35.70
35.70
35.80
35.80
35.80
35.80
35.80
35.90
35.90
35.90
35.90
35.90
35.90
36.00
36.00
36.00
36.00
36.00
36.00
36.10
36.10
36.10
36.10
36.10
36.10
36.20
36.20
36.20
36.20
36.20
36.20
36.30
36.30
36.30
36.30
36.30
36.30
36.30
36.40
36.40
36.40
36.40
36.40
36.40
36.40
36.40
36.50
36.50
36.50
36.50
36.50
36.50
36.50
36.50
36.50
36.60
36.60
36.60
36.60
36.60
36.60
36.60
36.60
36.60
36.60
36.60
36.70
36.70
36.70
36.70
36.70
36.70
36.70
36.70
36.70
36.70
36.70
36.70
36.70
36.70
36.70
36.70
36.70
36.70
36.70
36.70
36.70
36.70
36.70
36.70
36.70
36.70
36.70
36.70
36.70
36.70
36.70
36.70
36.70
36.70
36.70
36.70
36.70
36.70
36.70
36.70
36.70
36.60
36.60
36.60
36.60
36.60
36.60
36.60
36.60
36.60
36.60
36.60
36.50
36.50
36.50
36.50
36.50
36.50
36.50
36.50
36.40
36.40
36.40
36.40
36.40
36.40
36.40
36.30
36.30
36.30
36.30
36.30
36.30
36.30
36.20
36.20
36.20
36.20
36.20
36.20
36.10
36.10
36.10
36.10
36.10
36.10
36.00
36.00
36.00
36.00
36.00
36.00
35.90
35.90
35.90
35.90
35.90
35.90
35.80
35.80
35.80
35.80
35.80
35.70
35.70
35.70
35.70
35.70
35.70
35.60
35.60
35.60
35.60
35.60
35.60
35.60
35.50
35.50
35.50
35.50
35.50
35.50
35.40
35.40
35.40
35.40
35.40
35.40
35.40
35.40
35.30
35.30
35.30
35.30
35.30
35.30
35.30
35.30
35.20
35.20
35.20
35.20
35.20
35.20
35.20
35.20
35.20
35.20
35.20
35.10
35.10
35.10
35.10
35.10
35.10
35.10
35.10
35.10
35.10
35.10
35.10
35.10
35.10
35.10
35.10
35.10
35.10
35.10
35.10
35.10
35.10
35.10
35.10
35.10
35.10
35.10
35.10
35.10
35.10
35.10
35.10
35.10
35.10
35.10
35.10
35.10
35.10
35.10
35.10
35.10
35.10
35.10
35.20
35.20
35.20
35.20
35.20
35.20
35.20
35.20
35.20
35.20
35.20
35.20
35.20
35.20
35.30
35.30
35.30
35.30
35.30
35.30
35.30
35.30
35.30
35.30
35.40
35.40
35.40
35.40
35.40
35.40
35.40
35.40
35.40
35.40
35.50
35.50
35.50
35.50
35.50
35.50
35.50
35.50
35.60
35.60
35.60
35.60
35.60
35.60
35.60
35.60
35.60
35.70
35.70
35.70
35.70
35.70
35.70
35.70
35.80
35.80
35.80
35.80
35.80
35.80
35.80
35.80
35.90
35.90
35.90
35.90
35.90
35.90
35.90
35.90
36.00
36.00
36.00
36.00
36.00
36.00
36.00
36.00
36.00
36.10
36.10
36.10
36.10
36.10
36.10
36.10
36.10
36.20
36.20
36.20
36.20
36.20
36.20
36.20
36.20
36.20
36.20
36.30
36.30
36.30
36.30
36.30
36.30
36.30
36.30
36.30
36.40
36.40
36.40
36.40
36.40
36.40
36.40
36.40
36.40
36.40
36.40
36.50
36.50
36.50
36.50
36.50
36.50
36.50
36.50
36.50
36.50
36.50
36.50
36.60
36.60
36.60
36.60
36.60
36.60
36.60
36.60
36.60
36.60
36.60
36.60
36.60
36.70
36.70
36.70
36.70
36.70
36.70
36.70
36.70
36.70
36.70
36.70
36.70
36.70
36.70
36.70
36.70
36.70
36.80
36.80
36.80
36.80
36.80
36.80
36.80
36.80
36.80
36.80
36.80
36.80
36.80
36.80
36.80
36.80
36.80
36.80
36.80
36.80
36.80
36.80
36.80
36.80
36.80
36.80
36.80
36.80
36.80
36.80
36.90
36.90
36.90
36.90
36.90
36.90
36.90
36.90
36.90
36.90
36.90
36.90
36.90
36.90
36.90
36.90
36.90
36.90
36.90
36.90
36.90
36.90
36.90
36.80
36.80
36.80
36.80
36.80
36.80
36.80
36.80
36.80
36.80
36.80
36.80
36.80
36.80
36.80
36.80
36.80
36.80
36.80
36.80
36.80
36.70
36.70
36.70
36.70
36.70
36.70
36.70
36.70
36.70
36.70
36.60
36.60
36.60
36.60
36.60
36.60
36.60
36.50
36.50
36.50
36.50
36.50
36.50
36.40
36.40
36.40
36.40
36.40
36.30
36.30
36.30
36.30
36.20
36.20
36.20
36.20
36.10
36.10
36.10
36.10
36.00
36.00
36.00
36.00
35.90
35.90
35.90
35.80
35.80
35.80
35.70
35.70
35.70
35.60
35.60
35.50
35.50
35.50
35.40
35.40
35.30
35.30
35.30
35.20
35.20
35.10
35.10
35.00
35.00
34.90
34.90
34.80
34.80
34.70
34.70
34.60
34.60
34.50
34.50
34.40
34.30
34.30
34.20
34.20
34.10
34.00
34.00
33.90
33.90
33.80
33.70
33.70
33.60
33.50
33.40
33.40
33.30
33.20
33.20
33.10
33.00
33.00
32.90
32.80
32.70
32.70
32.60
32.50
32.40
32.30
32.30
32.20
32.10
32.00
32.00
31.90
31.80
31.70
31.60
31.60
31.50
31.40
31.30
31.20
31.20
31.10
31.00
30.90
30.80
30.70
30.70
30.60
30.50
30.40
30.30
30.30
30.20
30.10
30.00
29.90
29.80
29.80
29.70
29.60
29.50
29.40
29.40
29.30
29.20
29.10
29.00
29.00
28.90
28.80
28.70
28.60
28.60
28.50
28.40
28.30
28.30
28.20
28.10
28.00
28.00
27.90
27.80
27.70
27.70
27.60
27.50
27.50
27.40
27.30
27.20
27.20
27.10
27.00
27.00
26.90
26.90
26.80
26.70
26.70
26.60
26.50
26.50
26.40
26.40
26.30
26.30
26.20
26.10
26.10
26.00
26.00
25.90
25.90
25.80
25.80
25.80
25.70
25.70
25.60
25.60
25.50
25.50
25.50
25.40
25.40
25.40
25.30
25.30
25.30
25.20
25.20
25.20
25.20
25.10
25.10
25.10
25.10
25.00
25.00
25.00
25.00
25.00
24.90
24.90
24.90
24.90
24.90
24.90
24.80
24.80
24.80
24.80
24.80
24.80
24.80
24.80
24.70
24.70
24.70
24.70
24.70
24.70
24.70
24.70
24.70
24.70
24.70
24.70
24.70
24.70
24.70
24.70
24.70
24.70
24.70
24.70
24.70
24.70
24.70
24.70
24.70
24.70
24.70
24.70
24.70
24.70
24.70
24.70
24.70
24.70
24.70
24.70
24.70
24.70
24.70
24.70
24.70
24.70
24.70
24.70
24.70
24.70
24.70
24.70
24.70
24.70
24.70
24.70
24.70
24.80
24.80
24.80
24.80
24.80
24.80
24.80
24.80
24.80
24.80
24.80
24.80
24.80
24.80
24.80
24.80
24.80
24.80
24.80
24.80
24.80
24.70
24.70
24.70
24.70
24.70
24.70
24.70
24.70
24.70
24.70
24.70
24.70
24.70
24.70
24.60
24.60
24.60
24.60
24.60
24.60
24.60
24.60
24.50
24.50
24.50
24.50
24.50
24.50
24.50
24.40
24.40
24.40
24.40
24.40
24.40
24.40
24.30
24.30
24.30
24.30
24.30
24.30
24.20
24.20
24.20
24.20
24.20
24.20
24.10
24.10
24.10
24.10
24.10
24.10
24.10
24.00
24.00
24.00
24.00
24.00
24.00
24.00
23.90
23.90
23.90
23.90
23.90
23.90
23.90
23.90
23.90
23.90
23.80
23.80
23.80
23.80
23.80
23.80
23.80
23.80
23.80
23.80
23.80
23.80
23.80
23.80
23.80
23.80
23.80
23.80
23.80
23.80
23.80
23.80
23.80
23.80
23.80
23.80
23.90
23.90
23.90
23.90
23.90
23.90
23.90
24.00
24.00
24.00
24.00
24.00
24.10
24.10
24.10
24.10
24.20
24.20
24.20
24.20
24.30
24.30
24.30
24.40
24.40
24.50
24.50
24.50
24.60
24.60
24.70
24.70
24.80
24.80
24.80
24.90
25.00
25.00
25.10
25.10
25.20
25.20
25.30
25.30
25.40
25.50
25.50
25.60
25.70
25.70
25.80
25.90
25.90
26.00
26.10
26.10
26.20
26.30
26.40
26.40
26.50
26.60
26.70
26.70
26.80
26.90
27.00
27.10
27.10
27.20
27.30
27.40
27.50
27.50
27.60
27.70
27.80
27.90
28.00
28.00
28.10
28.20
28.30
28.40
28.50
28.60
28.70
28.70
28.80
28.90
29.00
29.10
29.20
29.30
29.30
29.40
29.50
29.60
29.70
29.80
29.90
30.00
30.00
30.10
30.20
30.30
30.40
30.50
30.60
30.70
30.70
30.80
30.90
31.00
31.10
31.20
31.20
31.30
31.40
31.50
31.60
31.70
31.70
31.80
31.90
32.00
32.10
32.10
32.20
32.30
32.40
32.40
32.50
32.60
32.70
32.70
32.80
32.90
32.90
33.00
33.10
33.10
33.20
33.30
33.30
33.40
33.50
33.50
33.60
33.60
33.70
33.70
33.80
33.90
33.90
34.00
34.00
34.10
34.10
34.20
34.20
34.20
34.30
34.30
34.40
34.40
34.50
34.50
34.50
34.60
34.60
34.70
34.70
34.70
34.80
34.80
34.80
34.90
34.90
34.90
35.00
35.00
35.00
35.00
35.10
35.10
35.10
35.10
35.20
35.20
35.20
35.20
35.30
35.30
35.30
35.30
35.30
35.40
35.40
35.40
35.40
35.40
35.40
35.40
35.50
35.50
35.50
35.50
35.50
35.50
35.50
35.50
35.60
35.60
35.60
35.60
35.60
35.60
35.60
35.60
35.60
35.60
35.60
35.60
35.60
35.70
35.70
35.70
35.70
35.70
35.70
35.70
35.70
35.70
35.70
35.70
35.70
35.70
35.70
35.70
35.70
35.70
35.70
35.70
35.70
35.70
35.70
35.70
35.70
35.70
35.70
35.70
35.70
35.70
35.70
35.70
35.70
35.70
35.70
35.70
35.70
35.70
35.70
35.70
35.70
35.70
35.70
35.70
35.70
35.70
35.70
35.70
35.70
35.70
35.70
35.70
35.70
35.70
35.70
35.70
35.70
35.70
35.70
35.70
35.70
35.70
35.70
35.70
35.70
35.80
35.80
35.80
35.80
35.80
35.80
35.80
35.80
35.80
35.80
35.80
35.80
35.80
35.80
35.80
35.80
35.80
35.80
35.80
35.80
35.80
35.80
35.80
35.80
35.80
35.80
35.80
35.80
35.80
35.80
35.80
35.80
35.80
35.80
35.80
35.80
35.80
35.80
35.80
35.80
35.80
35.80
35.80
35.80
35.80
35.80
35.80
35.80
35.80
35.80
35.80
35.80
35.80
35.80
35.80
35.80
35.80
35.80
35.80
35.80
35.80
35.80
35.80
35.80
35.80
35.80
35.80
35.80
35.80
35.80
35.80
35.80
35.80
35.80
35.80
35.80
35.80
35.80
35.80
35.80
35.70
35.70
35.70
35.70
35.70
35.70
35.70
35.70
35.70
35.70
35.70
35.70
35.60
35.60
35.60
35.60
35.60
35.60
35.60
35.60
35.60
35.50
35.50
35.50
35.50
35.50
35.50
35.50
35.50
35.40
35.40
35.40
35.40
35.40
35.40
35.30
35.30
35.30
35.30
35.30
35.30
35.20
35.20
35.20
35.20
35.20
35.10
35.10
35.10
35.10
35.10
35.10
35.00
35.00
35.00
35.00
35.00
34.90
34.90
34.90
34.90
34.80
34.80
34.80
34.80
34.80
34.70
34.70
34.70
34.70
34.70
34.60
34.60
34.60
34.60
34.60
34.50
34.50
34.50
34.50
34.40
34.40
34.40
34.40
34.40
34.30
34.30
34.30
34.30
34.30
34.20
34.20
34.20
34.20
34.20
34.10
34.10
34.10
34.10
34.10
34.00
34.00
34.00
34.00
34.00
33.90
33.90
33.90
33.90
33.90
33.80
33.80
33.80
33.80
33.80
33.80
33.70
33.70
33.70
33.70
33.70
33.70
33.60
33.60
33.60
33.60
33.60
33.60
33.50
33.50
33.50
33.50
33.50
33.50
33.50
33.50
33.40
33.40
33.40
33.40
33.40
33.40
33.40
33.40
33.40
33.40
33.40
33.30
33.30
33.30
33.30
33.30
33.30
33.30
33.30
33.30
33.30
33.30
33.30
33.30
33.30
33.30
33.30
33.30
33.30
33.30
33.30
33.30
33.30
33.30
33.30
33.30
33.30
33.30
33.30
33.30
33.30
33.30
33.30
33.30
33.40
33.40
33.40
33.40
33.40
33.40
33.40
33.40
33.40
33.40
33.50
33.50
33.50
33.50
33.50
33.50
33.50
33.60
33.60
33.60
33.60
33.60
33.60
33.70
33.70
33.70
33.70
33.70
33.70
33.80
33.80
33.80
33.80
33.80
33.90
33.90
33.90
33.90
34.00
34.00
34.00
34.00
34.10
34.10
34.10
34.10
34.20
34.20
34.20
34.20
34.30
34.30
34.30
34.40
34.40
34.40
34.40
34.50
34.50
34.50
34.60
34.60
34.60
34.70
34.70
34.70
34.80
40.20
40.10
40.00
39.80
39.70
39.50
39.30
39.10
39.00
38.90
38.90
38.80
38.80
38.80
38.80
38.70
38.70
38.70
38.70
38.70
38.70
38.70
38.70
38.60
38.60
38.60
38.60
38.50
38.50
38.40
38.30
38.30
38.20
38.10
38.10
38.00
38.00
37.90
37.90
37.80
37.80
37.80
37.70
37.70
37.70
37.60
37.60
37.60
37.50
37.50
37.40
37.30
37.30
37.20
37.10
49.00
42.40
40.10
38.50
37.70
37.00
36.50
36.00
35.70
35.40
42.70
38.00
36.50
35.80
35.30
34.90
34.50
34.30
34.00
33.80
33.60
33.50
38.20
37.10
39.10
36.30
35.30
34.80
34.30
34.00
33.70
33.60
33.40
33.20
54.30
39.60
37.30
36.80
35.90
35.10
34.50
33.90
33.50
33.20
32.90
32.70
32.40
32.20
32.00
31.90
31.80
31.60
31.50
31.40
31.30
31.20
31.10
31.10
31.20
42.30
38.90
37.60
36.90
36.50
36.20
35.90
35.60
35.40
35.20
51.80
49.70
44.00
42.20
41.70
41.50
40.80
40.20
39.80
39.40
39.20
38.90
38.70
38.60
38.40
38.20
38.10
37.90
37.80
37.60
37.50
37.40
37.20
37.10
36.90
36.80
36.70
36.70
36.60
36.50
36.40
36.30
36.30
36.20
36.10
36.00
36.00
35.90
35.80
35.70
35.70
35.60
35.50
47.20
39.80
38.10
37.40
37.10
36.90
36.80
36.60
36.50
36.30
36.20
36.10
36.00
35.90
35.80
35.80
35.70
35.70
35.60
35.60
35.50
35.40
35.60
36.70
36.30
36.00
35.80
35.70
48.40
44.80
38.80
37.70
37.20
36.90
36.70
36.50
36.40
36.30
36.10
36.00
35.90
35.80
35.70
35.70
35.60
35.50
35.40
35.30
35.20
35.10
35.00
34.80
34.70
34.70
34.60
34.50
34.40
34.30
34.30
34.20
34.20
34.10
34.00
34.00
33.90
33.90
33.80
33.70
33.60
33.60
33.50
33.30
33.20
33.10
32.90
32.60
32.50
32.30
32.30
32.20
32.10
32.10
32.00
32.00
31.90
31.90
31.80
31.80
31.70
31.70
31.60
31.60
31.60
31.50
31.40
31.30
31.20
31.10
31.00
30.90
30.70
30.60
30.60
30.50
30.40
30.40
30.30
30.30
30.20
30.20
30.20
30.10
30.10
30.10
30.00
30.00
30.00
29.90
29.90
29.80
29.70
29.50
29.40
29.40
29.20
29.20
29.10
29.00
29.00
28.90
28.90
28.80
28.80
28.70
28.70
28.80
28.70
28.70
28.60
28.60
28.60
28.50
28.50
28.40
28.40
28.20
28.10
27.90
27.80
27.70
27.60
27.50
27.50
27.40
27.40
27.30
27.30
27.30
27.30
27.20
27.20
27.20
27.20
27.10
27.10
27.10
27.10
27.10
27.00
26.90
26.80
26.70
26.60
26.60
26.50
26.50
26.50
26.40
26.40
26.40
26.40
26.30
27.10
27.00
26.90
26.90
26.80
26.80
26.80
26.80
26.80
26.80
27.10
27.10
27.10
27.00
27.00
27.00
26.90
26.90
26.90
26.90
26.90
26.80
26.80
26.80
26.80
26.80
26.80
26.70
26.70
26.70
26.70
26.70
26.60
26.60
26.50
26.50
26.40
26.30
26.30
26.20
26.20
26.20
26.20
26.20
26.20
26.20
26.10
26.10
26.10
26.10
26.10
26.10
26.10
26.10
26.10
26.00
26.00
26.00
26.00
26.00
26.00
25.90
25.90
37.50
40.80
39.20
37.90
35.70
34.70
34.90
34.50
34.20
34.00
33.80
33.60
32.90
32.80
32.70
32.60
33.00
32.90
32.80
32.80
32.70
32.60
32.50
32.40
32.30
32.20
34.50
34.30
34.00
33.00
32.90
32.90
32.80
32.70
32.70
32.60
32.60
32.50
32.50
32.40
32.40
32.30
32.30
32.20
32.10
32.10
32.00
31.90
31.90
31.90
31.80
31.80
31.80
31.90
30.60
31.80
31.80
31.70
31.70
31.70
31.70
31.70
31.70
31.60
31.60
31.60
31.60
31.60
43.00
41.30
38.00
36.70
36.00
35.60
35.30
35.10
35.00
34.80
34.70
34.60
34.50
34.40
34.30
34.20
34.20
34.10
34.00
34.00
33.90
33.90
33.80
33.70
33.60
33.60
33.50
33.40
33.30
33.30
33.30
33.20
33.20
33.20
33.20
33.10
33.10
33.10
33.00
33.00
33.00
33.00
32.90
32.90
32.90
32.80
32.80
32.80
32.70
32.70
32.60
32.60
32.50
32.50
32.50
32.40
32.40
32.40
32.40
32.40
32.40
32.40
32.30
32.30
32.30
32.30
32.30
32.30
32.20
32.20
32.20
32.10
32.00
32.00
31.90
31.80
31.80
31.70
31.70
31.70
31.70
31.70
31.60
31.60
31.60
31.60
31.60
31.60
31.50
31.50
31.50
31.50
31.50
31.40
31.30
31.30
31.20
31.10
31.00
30.90
30.90
30.90
30.80
30.80
30.80
30.80
30.70
30.70
30.70
30.70
30.70
30.70
30.70
30.70
30.60
30.70
30.60
30.60
30.60
30.50
41.30
36.50
35.30
34.70
34.30
34.10
33.90
33.70
33.60
33.50
33.40
33.30
33.30
33.20
33.20
33.20
33.10
33.10
33.00
33.00
32.90
33.00
33.40
34.10
34.10
34.70
55.10
43.80
42.80
40.50
39.30
38.70
38.20
37.70
37.30
37.00
36.80
36.60
36.50
36.40
36.30
36.20
36.00
36.00
35.90
35.80
35.70
35.70
47.40
43.90
50.80
49.10
43.30
50.10
44.00
41.50
60.00
49.40
45.90
46.70
45.70
43.60
42.30
41.60
41.00
40.70
40.40
40.10
39.90
39.80
39.60
39.50
39.30
39.20
39.00
38.10
37.90
37.80
37.70
37.70
37.60
37.60
37.50
37.50
37.40
37.40
37.40
37.30
37.30
37.20
37.20
37.10
37.10
37.00
36.90
36.70
36.70
36.60
36.40
36.40
36.30
36.30
36.20
36.20
36.20
36.20
36.10
36.10
36.10
36.10
36.10
36.00
36.00
36.00
36.00
35.90
35.90
35.80
35.70
35.60
35.40
35.40
35.20
35.10
35.00
34.90
34.90
34.90
34.90
34.90
34.80
34.90
34.80
34.80
34.70
34.70
34.70
34.70
34.70
34.60
34.60
34.50
34.40
34.30
34.20
34.10
34.00
33.80
33.80
33.70
33.70
33.70
33.70
33.60
33.60
33.60
33.60
33.50
33.60
33.50
33.50
33.50
33.50
33.50
33.40
33.40
33.30
33.20
33.10
33.00
32.90
32.80
32.70
32.60
32.60
32.50
32.50
32.50
32.40
32.40
32.40
32.30
32.30
32.10
32.00
32.00
32.00
32.00
32.00
31.90
31.90
31.80
31.70
31.60
31.50
31.40
31.30
31.30
31.20
31.20
31.20
44.30
40.10
38.60
37.90
37.40
37.10
36.90
36.70
36.50
36.30
36.10
36.00
35.90
35.80
35.70
35.60
35.50
35.40
35.30
35.20
35.10
35.10
35.00
35.00
34.90
34.90
34.90
34.80
34.80
34.80
34.80
34.70
34.70
34.70
34.60
34.60
34.50
34.40
34.30
34.20
34.10
34.00
33.90
33.80
33.80
33.70
33.70
33.70
33.70
33.60
33.60
33.60
33.60
33.60
33.60
33.50
33.50
33.50
33.50
33.50
33.40
33.30
33.20
33.10
33.00
32.90
32.80
32.80
32.70
32.70
32.70
32.60
32.60
32.60
32.60
32.60
32.60
32.60
32.60
32.50
32.50
32.50
32.50
32.50
32.40
32.30
32.20
32.30
32.30
32.40
32.30
32.30
32.20
32.20
32.20
32.20
32.20
32.20
32.10
32.20
32.10
32.00
32.00
32.00
32.00
32.00
31.90
32.00
31.90
32.10
32.00
32.00
31.90
31.90
31.80
31.80
31.70
31.70
31.70
31.60
31.60
31.60
31.60
31.50
31.50
31.50
31.50
31.50
31.40
31.40
31.40
31.40
31.40
31.30
31.20
31.10
31.00
30.90
30.80
30.70
30.60
30.60
30.60
30.50
30.50
30.50
30.40
30.40
30.30
30.30
30.30
30.30
30.30
30.20
30.20
30.20
30.10
30.00
29.80
29.60
29.50
29.30
29.10
29.00
28.90
28.80
33.20
31.80
47.90
42.10
43.20
39.20
37.60
36.80
37.10
47.60
46.10
41.60
41.30
47.30
49.70
45.10
46.90
44.70
43.00
40.60
39.20
38.40
37.90
37.50
37.20
36.90
36.70
36.60
36.40
36.30
36.20
36.40
36.30
36.20
36.50
37.00
39.50
38.30
37.70
37.20
36.90
36.50
36.30
36.10
39.80
37.90
37.30
36.90
36.50
36.20
36.00
35.90
35.80
35.80
35.70
35.60
35.60
35.50
35.40
35.40
35.40
35.30
35.20
35.10
35.00
34.90
34.80
34.80
34.70
34.60
34.60
34.60
34.50
34.50
34.50
34.50
34.40
34.40
34.40
34.40
34.40
34.40
34.40
34.30
34.30
34.30
34.20
34.20
34.10
34.00
34.00
33.90
33.80
33.80
33.70
33.70
33.70
42.90
38.90
37.40
36.60
36.10
35.70
35.50
35.40
35.20
35.10
35.00
35.00
34.90
34.80
34.60
34.50
34.40
34.30
34.10
34.10
34.00
33.90
33.90
33.90
33.90
33.90
33.90
33.80
33.80
33.80
33.80
33.80
33.80
33.80
33.70
33.70
33.70
33.60
33.60
33.50
33.40
33.30
33.20
33.20
33.10
33.10
33.10
33.00
33.00
33.00
33.00
33.00
33.00
33.00
33.00
33.00
33.00
33.00
33.00
33.00
32.90
32.90
32.90
32.80
32.70
32.60
32.50
32.40
32.40
32.30
32.30
41.80
38.60
37.30
36.70
36.20
35.90
35.70
35.50
35.30
35.20
35.10
35.00
34.90
34.80
34.80
34.70
34.60
34.60
34.50
34.40
34.30
34.20
34.20
34.10
34.10
39.00
36.80
35.90
35.40
35.20
35.00
34.90
34.90
34.90
34.80
34.70
34.50
34.50
34.40
34.30
34.20
34.00
33.90
33.80
33.70
33.70
32.70
32.70
32.80
32.80
32.80
32.90
32.90
32.90
33.00
33.00
33.10
33.10
33.10
33.20
33.20
33.20
33.30
33.30
33.30
33.40
33.40
33.50
33.50
33.50
33.60
33.60
33.70
33.70
33.70
33.80
33.80
33.90
33.90
33.90
34.00
34.00
34.10
34.10
34.10
34.20
34.20
34.30
34.30
34.40
34.40
34.40
34.50
34.50
34.60
34.60
34.60
34.70
34.70
34.80
34.80
34.90
34.90
34.90
34.90
34.90
34.90
34.90
34.90
34.90
34.90
34.90
34.90
34.90
34.90
34.90
34.90
34.90
37.40
37.00
36.70
36.50
36.30
36.20
36.10
36.00
36.00
35.90
35.90
35.80
35.80
35.90
36.20
41.20
45.90
46.90
49.40
45.00
41.90
39.90
38.90
38.30
37.80
37.60
37.30
37.10
37.00
36.90
36.80
36.70
36.60
36.50
36.40
36.40
36.30
36.30
36.20
36.10
36.00
35.90
35.70
35.60
35.50
35.40
35.30
35.20
35.20
35.10
35.10
35.10
35.10
35.00
35.00
35.00
35.00
34.90
34.90
34.90
34.90
34.90
34.90
34.80
34.80
34.70
34.60
34.50
34.30
34.30
34.20
34.10
34.10
34.10
34.00
34.00
34.00
34.00
34.00
34.00
34.00
34.00
33.90
33.90
33.90
33.90
33.90
33.90
33.80
33.70
33.60
33.50
33.40
33.30
33.20
33.10
33.10
33.10
33.10
33.00
33.00
33.00
33.00
33.00
33.00
33.00
33.10
33.40
33.40
33.30
33.30
33.30
33.20
33.20
33.20
33.10
33.00
33.00
32.90
32.90
32.80
32.80
32.80
32.70
32.70
32.70
32.70
32.70
32.70
32.70
33.20
33.20
33.20
33.10
33.10
33.00
33.00
33.40
33.40
40.10
47.90
45.10
40.40
38.60
37.80
49.10
42.30
42.60
40.40
39.20
48.30
42.20
40.00
39.00
51.00
57.10
48.20
43.80
44.00
52.30
53.40
52.80
52.80
52.20
47.50
44.30
42.50
41.50
50.80
45.20
43.10
41.90
41.30
40.80
40.50
40.20
39.90
39.70
39.60
39.40
39.20
39.10
39.00
38.80
38.70
38.60
38.40
38.20
38.10
37.90
37.80
37.70
37.70
37.60
37.50
37.50
37.50
37.40
37.30
37.30
37.30
37.30
37.30
37.20
37.20
37.20
37.20
37.10
37.00
37.00
36.80
36.70
36.60
36.50
36.40
36.40
36.40
36.30
36.30
36.30
36.30
36.30
36.20
36.20
36.20
36.20
36.10
36.10
36.20
36.10
36.10
36.00
36.00
35.90
35.80
35.60
35.50
35.40
35.40
35.30
35.30
35.20
35.20
35.20
35.10
35.20
35.10
35.10
35.10
35.10
35.10
35.10
35.00
35.10
35.00
35.00
35.00
35.00
34.80
34.70
34.50
34.30
34.20
34.20
34.10
34.10
34.00
34.00
34.00
33.90
33.90
33.90
33.80
33.90
33.80
33.70
33.70
33.70
33.70
33.60
33.60
33.60
33.50
33.40
33.30
33.20
33.00
33.00
32.90
32.90
32.80
32.80
32.70
32.70
32.70
32.60
32.70
32.60
32.70
32.60
47.60
46.70
47.60
47.50
42.80
40.70
39.60
38.80
38.20
37.80
37.50
37.20
37.00
36.80
36.70
36.50
36.40
36.40
36.30
36.20
36.10
36.00
35.90
35.90
35.80
35.80
35.70
35.70
35.60
50.20
43.20
57.60
54.10
53.70
48.60
44.60
43.10
42.00
41.30
41.00
40.40
40.10
39.70
39.50
39.30
39.30
39.10
39.10
38.90
38.80
38.80
38.30
38.00
38.00
37.80
37.70
37.60
37.50
37.50
37.40
36.60
36.60
36.60
36.60
36.60
36.50
36.50
36.50
36.50
36.40
36.40
36.40
36.30
36.30
36.30
36.30
36.20
36.10
36.00
35.90
35.80
35.70
35.60
35.60
35.50
35.50
35.50
35.50
35.50
35.50
35.50
35.40
35.50
35.40
35.40
35.40
35.40
35.40
35.40
35.40
35.30
35.20
35.10
35.00
34.80
34.70
34.60
34.50
34.50
34.50
34.50
34.50
34.40
34.40
34.40
34.40
34.40
34.40
34.40
34.40
34.40
34.40
34.40
34.30
34.30
34.10
34.00
33.90
33.80
33.70
33.70
33.70
33.60
33.60
33.70
33.60
33.60
33.60
33.60
33.60
33.60
33.60
33.60
33.60
33.60
33.60
33.60
33.50
33.40
33.30
33.20
33.00
32.90
32.70
32.50
32.50
32.40
32.40
32.40
32.40
32.40
32.30
32.40
32.30
32.40
32.30
32.30
32.30
32.30
32.30
32.30
32.30
32.10
32.00
31.90
31.70
31.50
31.30
31.20
31.00
30.90
30.90
30.90
30.90
30.90
30.80
30.80
30.90
30.80
30.80
30.80
30.80
30.80
30.80
30.80
30.70
30.70
30.50
30.40
30.20
30.10
30.00
29.90
29.80
29.70
29.70
29.70
29.60
29.60
29.60
29.60
29.60
29.60
29.60
29.60
29.60
29.60
29.60
29.50
29.50
29.40
29.30
29.10
29.00
28.80
28.60
28.50
28.40
28.30
28.30
28.30
28.20
28.20
28.20
28.10
28.20
28.10
28.10
28.20
28.20
28.10
28.20
28.10
28.00
27.90
27.80
27.70
27.50
27.30
27.20
27.10
27.00
26.90
26.80
26.80
26.80
26.70
26.70
26.70
26.70
26.70
26.70
26.60
26.60
26.60
26.60
26.50
26.50
26.40
26.40
26.20
26.10
26.00
25.90
25.80
25.70
25.60
25.60
25.60
25.50
25.50
25.50
25.50
25.40
25.50
25.40
25.50
25.40
25.40
25.40
25.40
25.40
25.30
25.30
25.20
25.10
24.90
24.80
24.60
24.60
24.50
24.40
24.40
24.40
24.40
30.50
33.20
31.70
30.80
30.10
29.60
29.30
29.00
28.80
28.70
28.50
28.30
28.20
27.90
27.70
27.50
27.30
27.10
27.00
26.90
26.80
26.70
26.70
26.70
26.60
26.60
26.60
26.50
26.50
26.50
26.50
26.50
26.50
26.50
26.50
26.40
26.30
26.10
26.00
25.90
25.80
25.70
25.60
25.50
25.50
25.50
25.50
25.40
25.40
25.40
25.40
25.40
25.40
25.40
25.30
25.30
25.30
25.40
25.30
25.20
25.10
25.00
24.80
24.60
24.50
24.40
24.20
24.20
24.10
24.10
24.10
24.00
24.00
24.10
24.00
24.00
24.00
24.00
24.00
24.00
24.00
24.00
24.00
23.80
23.80
23.70
23.60
23.40
23.40
23.30
23.10
23.10
23.10
23.00
23.00
23.00
23.00
22.90
22.90
22.90
22.90
22.90
22.90
22.90
22.90
22.80
22.80
22.80
22.70
22.60
22.40
22.30
22.10
22.00
21.90
21.70
21.70
21.70
21.60
21.60
21.60
21.60
21.50
21.50
21.60
21.50
21.60
21.60
21.50
21.60
21.50
21.50
21.40
21.40
21.30
21.10
21.10
21.00
29.90
29.80
29.80
29.80
29.80
29.80
29.80
29.80
29.80
29.80
29.80
29.80
29.80
29.80
29.90
29.90
29.80
29.80
29.70
29.60
29.50
29.40
29.30
29.20
29.10
29.00
32.70
32.70
32.70
32.70
32.70
32.70
32.70
32.70
32.70
32.70
32.70
32.70
32.70
32.70
32.70
32.70
32.70
36.30
34.80
34.20
33.70
33.40
33.10
32.70
32.50
32.30
32.20
32.00
31.80
31.60
31.50
31.40
31.30
31.20
31.10
31.00
31.00
30.90
30.90
30.80
30.70
30.50
30.30
30.10
29.90
29.70
29.50
29.50
29.30
29.20
29.30
29.10
29.10
29.10
29.10
29.10
29.10
29.10
29.10
29.00
29.00
29.00
29.00
28.80
28.80
28.60
28.40
28.30
28.10
28.10
27.80
27.90
28.00
27.80
27.70
27.60
27.60
27.60
27.60
27.60
27.60
27.60
27.60
27.50
27.60
27.60
27.50
27.50
27.30
27.20
27.10
26.90
26.80
26.70
26.70
26.50
26.70
26.50
26.50
26.50
26.50
26.50
26.50
26.50
26.50
26.50
26.50
26.50
26.50
26.50
26.50
26.50
26.50
26.50
26.50
26.40
26.40
26.30
26.10
26.10
26.20
26.20
26.20
26.20
26.20
26.10
26.20
26.20
26.20
26.20
26.20
26.20
26.20
26.20
26.20
26.20
26.10
26.10
25.90
25.80
25.80
25.70
25.60
25.70
25.70
25.60
25.50
25.50
25.60
25.60
25.50
25.60
25.50
25.50
25.50
25.50
25.50
25.60
25.50
25.50
25.40
25.30
25.20
25.10
25.00
24.90
24.80
24.80
24.80
24.80
24.80
24.80
24.80
24.80
24.80
24.90
24.90
24.90
24.90
24.90
24.90
24.90
24.90
24.90
24.80
24.80
24.60
24.40
24.30
24.20
24.20
24.20
24.10
24.20
24.20
24.20
24.20
24.20
24.20
24.20
24.20
24.30
24.20
24.20
24.20
24.20
24.20
24.30
40.30
37.90
37.10
36.60
36.10
35.70
35.50
35.20
35.00
35.00
34.90
34.70
34.70
34.60
34.50
34.40
34.30
42.60
39.90
39.10
38.70
39.30
39.10
38.90
38.60
38.40
38.20
37.90
37.60
37.40
37.20
37.10
37.00
37.00
37.00
36.80
36.80
36.80
36.70
36.60
36.60
36.50
36.40
36.40
36.40
36.30
36.30
36.20
36.10
35.90
35.70
35.60
35.40
35.30
35.10
35.10
35.00
35.00
34.90
34.90
34.90
34.90
34.90
34.80
34.80
34.80
34.80
34.80
34.70
34.70
34.70
34.60
34.50
34.40
34.20
34.10
34.00
33.90
33.80
33.70
33.60
33.60
33.60
33.60
33.60
33.60
33.60
33.60
33.60
33.50
33.50
33.50
33.50
33.50
33.40
33.30
33.10
32.90
32.70
32.40
32.20
32.00
31.80
31.70
31.70
31.60
31.60
31.60
31.60
31.60
31.60
31.60
31.60
31.70
31.70
31.70
31.70
31.70
31.70
31.70
31.50
31.40
31.30
31.20
30.90
30.80
30.70
30.60
30.60
30.60
30.60
30.60
30.80
31.10
31.20
31.30
31.40
31.40
31.50
31.50
31.50
31.60
41.20
44.20
42.90
43.80
40.90
39.90
39.50
44.30
41.40
40.20
39.60
39.30
39.00
37.80
37.80
37.80
37.80
37.80
37.80
37.80
37.80
37.80
37.80
37.80
37.80
37.80
37.80
37.80
37.80
37.80
37.80
37.80
37.80
37.80
37.80
37.80
37.80
37.80
37.80
37.80
37.80
37.80
37.80
37.80
37.80
37.80
37.80
37.80
37.80
37.80
37.80
37.90
37.90
37.70
38.00
38.10
38.20
38.20
38.20
38.30
38.30
38.30
38.20
38.20
38.20
38.20
38.20
38.10
38.10
38.10
38.10
38.10
38.10
38.00
37.90
37.80
37.80
37.60
37.40
37.30
37.30
37.30
37.30
37.30
37.30
37.40
37.40
37.40
37.40
37.40
37.40
37.40
37.40
37.40
37.40
37.40
37.40
37.20
37.10
36.90
36.70
36.50
36.40
36.30
36.30
36.30
36.30
36.30
36.30
36.40
36.40
36.40
36.00
34.90
34.20
33.80
33.90
34.10
34.30
34.40
34.40
34.40
34.40
34.30
34.20
34.10
34.00
34.00
33.90
33.90
33.90
34.00
34.00
34.00
34.00
34.00
34.00
34.00
34.00
34.00
34.00
34.00
34.00
34.00
34.00
34.00
33.90
33.80
33.70
33.60
33.50
33.40
33.30
33.30
33.30
33.30
33.30
33.40
33.30
33.40
33.40
33.40
33.40
33.40
33.40
33.40
33.40
33.40
33.30
33.20
33.10
32.90
32.70
32.60
32.40
32.30
32.20
32.20
32.20
32.20
32.20
32.20
32.20
32.20
32.20
32.20
32.20
32.20
32.20
32.20
32.30
32.30
32.20
32.20
32.10
32.10
31.90
31.70
31.50
31.40
31.30
31.30
31.30
31.30
31.30
31.30
31.30
31.30
31.30
31.30
31.30
31.30
31.30
31.30
31.30
31.30
31.30
31.20
31.10
30.90
30.60
30.40
30.20
30.20
30.10
30.00
30.00
30.10
30.10
30.00
30.00
30.10
30.10
30.10
30.10
30.10
30.10
30.10
30.10
30.10
30.10
30.00
30.00
29.80
29.60
29.40
29.10
29.00
28.90
28.80
28.80
28.90
28.90
28.90
28.90
29.00
29.00
29.00
29.00
29.00
29.00
29.00
29.00
29.00
29.00
28.90
28.70
28.40
28.10
27.90
27.60
27.50
27.40
27.40
27.40
27.50
27.40
27.50
27.50
27.50
27.50
27.50
27.50
27.50
27.50
27.50
27.50
27.50
27.50
27.30
27.20
26.90
26.70
26.40
26.20
26.10
26.00
25.90
26.00
26.00
26.00
26.00
26.10
26.10
26.10
26.10
26.10
26.10
26.10
26.10
26.10
26.10
26.00
26.00
25.90
25.80
25.60
25.60
25.60
25.60
25.60
25.60
25.60
25.60
25.70
25.70
25.70
25.80
25.80
25.90
25.90
26.00
26.00
26.00
26.00
26.10
26.10
26.10
26.10
26.10
26.00
26.10
26.10
26.10
26.10
26.10
26.10
26.20
26.20
26.20
26.30
26.30
26.30
26.40
26.40
26.50
26.50
26.50
26.50
26.60
26.50
26.50
26.50
26.40
26.40
26.40
26.40
26.40
26.40
26.40
26.40
26.40
26.40
26.40
26.40
26.40
26.40
26.40
26.50
26.50
26.50
26.50
26.50
26.50
26.40
26.40
26.20
26.00
25.80
25.60
25.50
25.40
25.30
25.30
25.40
25.40
25.40
25.40
25.50
25.50
25.50
25.50
25.50
25.50
25.50
25.50
25.50
25.50
25.40
25.20
25.10
24.90
24.60
24.40
24.20
24.00
23.90
23.90
24.00
24.00
24.00
24.00
24.00
24.00
24.00
24.00
24.00
24.00
24.00
24.00
24.00
24.00
23.90
23.80
23.60
23.50
23.30
23.10
22.90
22.80
22.70
22.70
22.70
22.70
22.80
22.80
22.80
22.80
22.80
22.80
22.80
22.80
22.80
22.80
22.80
22.80
22.70
22.60
22.50
22.40
22.20
22.10
21.90
21.80
21.70
21.70
21.70
21.70
21.70
21.80
21.80
21.70
21.70
21.70
21.70
21.60
21.60
21.60
21.60
21.60
21.60
21.50
21.30
20.90
20.70
20.60
20.50
20.40
20.40
20.30
20.30
20.30
20.30
20.40
20.30
20.40
20.30
20.30
20.30
20.30
20.30
20.30
20.30
20.30
20.30
20.20
20.20
20.10
20.00
19.90
19.80
19.70
19.60
19.60
19.60
19.60
19.60
19.60
19.60
19.60
19.60
19.60
19.60
19.60
19.50
19.50
19.50
19.40
19.40
19.40
19.30
19.30
19.10
19.00
18.90
18.80
18.70
18.60
18.60
18.60
18.60
18.60
18.60
18.60
18.60
18.60
18.60
18.60
18.50
18.50
18.50
18.50
18.50
18.50
18.50
18.50
18.40
18.30
18.20
18.10
18.10
18.00
18.00
18.00
18.00
18.00
17.90
17.90
17.90
17.90
17.90
17.90
17.90
17.90
17.80
17.80
17.80
17.90
17.90
17.90
17.80
17.70
17.70
17.60
17.50
17.50
17.40
17.40
17.40
17.40
17.40
17.40
17.40
17.40
17.40
17.30
17.30
17.30
17.30
17.30
17.30
17.30
17.20
17.20
17.10
17.00
16.90
16.80
16.80
16.70
16.60
16.60
16.60
16.60
16.60
16.60
16.50
16.50
16.50
16.50
16.50
16.40
16.40
16.40
16.50
16.50
16.40
16.40
16.30
16.20
16.10
16.10
16.00
16.00
16.00
16.00
15.90
15.90
15.90
15.80
15.80
15.80
15.80
15.80
15.80
15.80
15.80
15.80
15.70
16.00
16.00
15.90
15.90
15.90
15.90
15.90
15.90
15.80
15.80
15.70
15.70
15.70
15.70
15.70
15.70
15.70
15.70
16.90
30.20
28.30
27.30
26.80
26.40
27.30
34.40
34.60
32.90
31.80
30.90
30.10
29.30
28.70
28.30
28.00
27.70
27.40
27.30
27.10
27.00
26.90
26.60
29.00
29.10
29.00
28.90
28.70
28.50
28.20
27.90
27.50
27.00
26.40
25.90
25.40
25.00
24.60
24.40
24.20
24.10
23.90
23.90
23.80
23.60
23.50
23.40
23.30
23.30
23.30
23.10
23.10
23.10
22.80
22.50
22.20
21.70
21.30
20.90
20.60
20.30
20.10
20.10
20.00
20.00
20.00
20.00
20.00
19.90
19.90
19.90
19.90
19.80
19.80
19.80
19.80
19.70
19.60
19.40
19.30
18.90
18.60
18.30
18.10
18.00
17.90
17.80
17.80
17.70
17.70
17.70
17.70
17.70
17.60
17.50
17.50
17.50
17.50
17.50
17.40
17.40
17.30
17.30
17.20
17.00
16.90
16.60
16.50
16.30
16.20
16.30
16.30
16.30
16.30
16.30
16.30
16.30
16.30
16.30
16.30
16.30
16.40
16.50
16.50
16.60
16.50
16.50
16.60
16.50
16.50
16.40
16.30
16.20
16.10
16.00
15.80
15.80
15.90
15.90
15.90
16.00
15.80
15.90
15.90
16.00
16.10
16.10
16.00
16.10
16.10
16.00
16.10
16.10
16.00
15.90
15.80
15.70
15.70
15.70
15.50
15.50
15.50
15.50
15.60
15.60
15.50
15.50
15.40
15.50
15.40
15.50
15.40
15.40
15.40
15.20
15.00
15.10
15.20
15.20
15.30
25.60
25.80
31.00
35.20
37.20
34.10
33.00
32.30
31.90
31.50
31.10
30.90
30.60
30.40
30.30
30.10
30.00
29.80
29.70
29.50
29.10
28.70
28.40
28.00
27.80
27.70
27.70
27.60
27.60
27.60
27.50
27.50
27.40
27.40
27.30
27.30
27.20
27.20
27.10
27.10
26.80
26.60
26.40
26.10
25.70
25.30
25.00
24.60
24.30
24.20
24.10
24.10
24.10
24.10
24.10
24.10
24.10
24.00
24.00
24.00
23.90
23.90
23.80
23.80
23.70
23.50
23.20
22.80
22.40
22.00
21.50
21.20
20.90
20.80
20.90
20.90
20.90
20.90
20.90
20.90
21.00
20.90
21.00
20.90
20.90
20.90
20.90
20.90
20.90
20.90
20.90
20.80
20.50
20.20
19.80
19.40
19.20
19.20
19.10
19.10
19.10
19.10
19.10
19.20
19.20
19.20
19.20
19.30
19.20
19.20
19.20
19.10
19.10
19.00
19.00
18.90
18.50
18.20
17.90
17.70
17.40
17.20
17.00
17.00
17.00
17.10
17.10
17.10
17.20
17.30
17.30
17.30
17.30
17.20
17.20
17.20
17.10
17.10
17.00
16.90
16.80
16.70
16.50
16.30
16.10
16.00
16.00
15.90
15.90
15.90
15.90
15.90
15.90
15.90
16.00
16.00
16.00
16.10
16.10
16.10
16.10
16.00
16.00
16.00
16.00
15.90
15.91
15.92
15.93
15.94
15.95
15.96
15.97
15.98
15.99
16.00
16.01
16.02
16.03
16.04
16.05
16.06
16.07
16.08
16.09
16.10
16.11
16.12
16.13
16.14
16.15
16.16
16.17
16.18
16.19
16.20
16.21
16.22
16.23
16.24
16.25
16.26
16.27
16.28
16.29
16.30
16.31
16.32
16.33
16.34
16.35
16.36
16.37
16.38
16.39
16.40
16.41
16.42
16.43
16.44
16.45
16.46
16.47
16.48
16.49
16.50
16.51
16.52
16.53
16.54
16.55
16.56
16.57
16.58
16.59
16.60
16.61
16.62
16.63
16.64
16.65
16.66
16.67
16.68
16.69
16.70
16.71
16.72
16.73
16.74
16.75
16.76
16.77
16.78
16.79
16.80
16.81
16.82
16.83
16.84
16.85
16.86
16.87
16.88
16.89
16.90
16.91
16.92
16.93
16.94
16.95
16.96
19.30
19.30
19.30
19.30
19.30
19.30
19.30
19.40
19.40
19.40
19.40
19.40
19.40
19.40
19.40
19.40
19.40
19.40
19.40
19.40
19.40
19.40
19.40
19.40
19.40
19.40
19.40
19.40
19.40
19.40
19.40
19.40
19.40
19.40
19.40
19.40
19.40
19.50
19.50
19.50
19.50
19.50
19.50
19.50
19.50
19.50
19.50
19.50
19.50
19.50
19.50
19.50
19.50
19.50
19.50
19.50
19.50
19.60
19.60
19.60
19.60
19.60
19.60
19.60
19.60
19.60
19.60
19.60
19.60
19.60
19.60
19.60
19.60
19.70
19.70
19.70
19.70
19.70
19.70
19.70
19.70
19.70
19.70
19.70
19.70
19.70
19.80
19.80
19.80
19.80
19.80
19.80
19.80
19.80
19.80
19.80
19.80
19.90
19.90
19.90
19.90
19.90
19.90
19.90
19.90
19.90
19.90
19.90
20.00
20.00
20.00
20.00
20.00
20.00
20.00
20.00
20.00
20.10
20.10
20.10
20.10
20.10
20.10
20.10
20.10
20.20
20.20
20.20
20.20
20.20
20.20
20.20
20.20
20.30
20.30
20.30
20.30
20.30
20.30
20.30
20.40
20.40
20.40
20.40
20.40
20.40
20.50
20.50
20.50
20.50
20.50
20.50
20.50
20.60
20.60
20.60
20.60
20.60
20.70
20.70
20.70
20.70
20.70
20.70
20.80
20.80
20.80
20.80
20.80
20.90
20.90
20.90
20.90
21.00
21.00
21.00
21.00
21.00
21.10
21.10
21.10
21.10
21.20
21.20
21.20
21.20
21.30
21.30
21.30
21.30
21.40
21.40
21.40
21.40
21.50
21.50
21.50
21.50
21.60
21.60
21.60
21.70
21.70
21.70
21.70
21.80
21.80
21.80
21.90
21.90
21.90
22.00
22.00
22.00
22.10
22.10
22.10
22.20
22.20
22.20
22.30
22.30
22.30
22.40
22.40
22.40
22.50
22.50
22.50
22.60
22.60
22.70
22.70
22.70
22.80
22.80
22.80
22.90
22.90
23.00
23.00
23.00
23.10
23.10
23.20
23.20
23.20
23.30
23.30
23.40
23.40
23.40
23.50
23.50
23.60
23.60
23.60
29.70
27.20
26.20
25.60
25.40
25.20
25.00
24.70
24.50
24.10
24.00
23.70
23.40
23.20
23.70
31.50
31.50
30.10
33.70
35.00
34.90
32.60
31.20
30.50
29.90
29.50
29.20
29.30
34.70
33.90
33.00
33.20
32.80
32.00
31.70
31.50
31.10
30.90
30.80
30.60
30.30
30.10
29.70
29.10
28.70
28.40
28.40
28.70
28.80
28.70
28.60
28.50
28.50
28.40
28.40
28.30
28.30
28.40
28.50
28.40
28.60
28.70
28.80
28.80
28.40
28.10
27.80
27.60
27.50
27.30
27.20
27.30
27.40
27.40
27.70
27.80
27.80
27.80
27.80
27.80
27.80
27.90
28.30
28.50
32.00
32.80
32.00
31.90
32.30
31.90
31.80
32.00
32.70
33.10
32.90
34.80
33.60
34.40
35.90
37.30
35.90
34.50
34.10
34.20
35.80
34.30
34.30
33.50
33.00
32.50
32.10
29.70
30.90
30.00
29.10
28.80
28.30
27.20
26.80
26.80
26.50
26.80
27.10
26.90
26.90
26.90
26.80
26.40
26.20
26.00
26.00
26.60
26.50
26.40
26.60
27.60
27.40
27.40
27.10
26.30
26.30
26.20
26.70
26.00
26.70
26.80
26.90
27.30
27.90
28.50
28.90
28.70
28.50
29.50
29.20
29.50
29.80
29.70
29.80
29.50
29.30
29.20
28.70
28.40
28.30
27.90
27.50
26.60
26.10
27.00
27.50
27.60
27.70
27.80
27.90
27.90
27.90
27.90
27.90
27.80
27.90
27.90
28.00
28.00
27.80
27.60
27.80
27.80
27.60
27.70
28.00
27.70
27.70
27.80
27.70
27.60
27.60
27.60
27.60
27.60
27.50
27.70
27.70
27.70
27.50
27.50
27.50
27.30
27.30
27.40
27.20
27.10
27.10
26.90
27.00
26.90
27.10
27.20
27.10
26.90
27.00
26.80
26.70
26.70
26.80
26.60
26.60
26.60
26.50
26.60
26.50
26.50
26.50
26.50
26.20
26.40
26.30
26.30
26.10
26.10
25.80
25.60
25.90
25.90
25.90
25.90
26.00
26.00
25.90
26.00
26.00
26.00
26.00
26.10
26.10
25.90
25.60
25.40
25.60
25.50
25.40
25.50
25.50
25.30
25.40
25.40
25.40
25.30
25.30
25.30
25.30
25.30
25.20
25.20
25.00
25.10
25.00
25.20
25.10
24.90
24.70
24.50
24.60
24.50
24.40
24.20
24.10
24.00
24.00
23.90
23.90
23.70
23.70
23.70
23.30
23.60
23.60
23.60
23.60
23.60
23.60
23.20
23.50
23.10
23.10
23.00
22.90
22.70
22.60
22.40
22.30
22.00
21.90
21.90
21.90
21.80
21.70
21.80
21.80
21.90
21.80
21.70
22.00
21.60
21.40
20.10
19.60
20.00
18.90
18.90
18.90
18.90
18.90
18.90
18.90
18.90
18.90
18.90
18.90
18.90
18.90
18.90
18.90
18.90
18.90
18.90
18.90
18.90
18.90
18.90
18.90
18.90
18.90
18.70
19.00
18.70
18.00
17.60
17.80
17.50
18.30
18.70
18.00
18.00
17.10
16.40
16.50
16.90
15.90
16.40
16.30
16.10
18.90
17.80
18.10
18.80
19.00
18.00
18.50
19.20
18.80
18.80
19.30
18.40
18.80
18.50
18.40
18.30
18.40
18.20
17.90
17.50
17.50
17.50
17.10
16.70
18.70
18.30
18.50
18.20
18.30
18.30
18.10
18.70
18.00
18.40
18.30
18.00
18.00
18.30
17.90
17.60
17.70
17.90
17.90
18.30
18.20
17.80
17.90
18.10
18.30
17.80
17.80
17.90
17.80
17.80
17.20
17.50
17.40
17.30
17.40
17.30
17.20
17.20
17.30
16.90
16.90
17.10
16.90
16.90
17.00
17.40
17.20
17.10
17.20
17.00
17.10
17.20
16.90
16.90
17.00
16.70
16.80
16.70
16.70
16.50
16.50
16.50
16.50
16.10
16.30
16.20
16.50
16.50
16.50
16.30
15.80
16.00
16.00
16.00
16.20
16.00
15.80
16.20
15.90
15.70
15.80
16.20
15.70
15.80
15.70
15.80
15.80
15.40
15.70
15.40
15.30
15.10
15.00
15.20
15.30
15.20
15.50
15.60
15.30
15.80
15.40
15.30
15.30
15.20
15.60
16.20
15.80
15.50
15.80
15.40
15.50
14.90
15.20
15.00
15.30
15.20
15.20
15.00
15.00
15.00
15.00
15.00
15.00
15.00
15.00
15.00
15.00
15.00
15.00
15.00
15.00
15.00
15.00
15.00
15.00
15.00
15.00
15.00
15.00
15.00
15.00
15.00
15.00
15.00
15.00
15.00
15.00
15.00
15.00
15.00
15.00
15.00
15.00
15.00
15.00
15.00
15.00
15.00
15.00
15.00
15.00
15.00
15.00
15.00
15.00
15.00
15.00
15.00
15.00
15.00
15.00
15.00
15.00
15.00
15.00
15.00
15.00
15.00
15.00
15.00
15.00
15.00
15.00
15.00
15.00
15.00
15.00
20.90
20.90
20.90
20.90
20.90
20.90
20.90
20.90
20.90
20.90
20.90
20.90
20.90
20.80
20.80
20.80
20.70
20.70
20.70
20.80
20.80
20.80
20.80
20.80
20.80
20.80
20.80
20.80
20.90
20.90
20.90
20.90
20.90
20.80
20.80
20.80
20.70
20.70
20.70
20.70
20.80
20.80
20.80
20.70
20.70
21.00
21.20
21.40
22.20
24.40
27.10
31.60
34.10
34.20
34.10
33.90
33.70
33.50
33.30
33.20
33.00
32.90
32.70
32.60
32.50
32.40
32.30
32.20
32.20
32.10
32.00
31.90
31.80
31.80
31.70
31.60
31.60
31.50
31.50
31.40
31.40
31.30
31.30
31.20
31.10
31.00
30.90
30.70
30.60
30.50
30.50
30.50
30.50
30.50
30.40
30.40
30.40
30.40
30.30
30.30
30.30
30.20
30.20
30.20
30.20
30.10
30.10
29.90
29.70
29.50
29.20
29.00
28.90
28.80
28.80
28.80
28.80
28.80
28.80
28.80
28.80
28.80
28.80
28.80
28.80
28.80
28.80
28.80
28.80
28.80
28.70
28.60
28.50
28.30
28.00
27.90
27.70
27.70
27.60
27.60
27.60
27.60
27.60
27.60
27.60
27.60
27.60
27.60
27.60
27.60
27.60
27.60
27.60
27.60
27.50
27.30
27.10
26.90
26.70
26.60
26.50
26.40
26.40
26.50
26.50
26.50
26.40
26.40
26.40
26.40
26.50
26.50
26.50
26.50
26.50
26.50
26.50
26.50
26.50
26.40
26.20
25.90
25.70
25.50
25.50
25.40
25.40
25.40
25.40
25.40
25.40
25.40
25.50
25.50
25.50
25.50
25.50
25.50
25.50
25.50
25.50
25.50
25.40
25.20
25.10
25.00
25.00
24.90
24.80
24.80
24.80
24.80
24.80
24.80
24.80
24.80
24.80
24.80
24.80
24.80
24.80
24.80
24.80
24.80
24.80
24.80
24.80
24.80
31.60
31.50
31.20
34.40
38.40
38.50
37.30
36.60
36.10
35.70
35.30
35.00
34.80
34.60
34.40
34.30
34.10
34.00
33.90
33.70
33.70
33.60
33.40
33.30
33.10
33.00
32.80
32.70
32.60
32.50
32.40
32.40
32.40
32.30
32.30
32.30
32.20
32.20
32.10
32.10
32.10
32.00
32.00
32.00
31.90
31.90
31.90
31.80
31.70
31.60
31.50
31.40
31.30
31.20
31.20
31.10
31.10
31.10
31.10
31.10
31.10
31.00
31.00
31.00
31.00
30.90
30.90
30.90
30.90
30.80
30.80
30.60
30.40
30.30
30.20
30.10
30.00
29.90
29.90
29.90
29.90
29.90
29.90
29.80
29.80
29.80
29.80
29.80
29.80
29.70
29.70
29.70
29.70
29.60
29.50
29.30
29.10
28.90
28.70
28.50
28.50
28.40
28.40
28.40
28.40
28.40
28.40
28.40
28.40
28.40
28.40
28.40
28.30
28.30
28.30
28.30
28.30
28.30
28.20
28.10
27.90
27.80
27.60
27.50
27.40
27.40
27.30
27.30
27.30
27.30
27.30
27.30
27.30
27.30
27.30
27.30
27.20
27.20
27.20
27.20
27.20
27.20
27.10
26.90
26.70
26.60
26.40
26.20
26.20
26.10
26.10
26.10
26.10
26.10
26.10
26.10
26.10
26.10
26.10
26.10
26.10
26.10
26.10
26.10
26.10
26.00
26.00
25.80
25.70
25.60
25.50
25.40
25.40
25.40
25.40
25.40
25.40
25.40
25.40
25.40
25.40
25.30
25.30
25.30
25.30
25.30
25.30
25.30
25.30
25.30
25.30
25.20
25.10
24.90
24.80
24.70
24.60
24.50
24.50
24.50
24.50
24.60
24.60
24.60
24.60
24.60
24.60
24.60
24.60
24.60
24.60
24.60
24.70
24.70
24.60
24.50
24.40
24.20
24.00
23.80
23.80
23.70
23.70
23.80
23.80
23.80
23.80
23.80
23.80
23.80
23.80
23.80
23.80
23.80
23.80
23.80
23.90
23.80
23.80
23.70
23.70
23.70
23.70
23.60
23.50
23.50
23.50
23.50
23.50
23.50
23.50
23.50
23.50
23.50
23.60
23.60
23.60
23.60
23.60
23.60
23.60
23.50
23.50
23.50
23.40
23.40
23.30
23.30
23.20
23.20
23.20
23.20
23.20
23.20
23.20
23.30
23.30
23.30
23.30
23.30
23.30
23.30
23.30
23.30
23.30
23.30
23.30
34.90
37.00
38.40
37.90
36.30
35.50
34.80
34.30
33.90
33.60
33.30
33.10
32.90
32.70
32.50
32.40
32.20
32.10
32.00
31.90
31.80
31.70
31.60
31.50
31.30
31.10
30.90
30.70
30.60
30.50
30.40
30.30
30.30
30.20
30.20
30.20
30.10
30.10
30.10
30.00
30.00
30.00
29.90
29.90
29.90
29.90
30.00
30.20
39.40
37.40
36.50
35.90
35.50
35.20
35.30
35.60
35.70
35.70
35.60
38.20
37.90
37.30
36.80
36.50
36.20
36.00
35.80
35.60
35.50
35.30
35.20
35.10
35.00
34.90
34.80
34.70
34.60
34.50
34.40
34.30
34.30
34.20
34.20
34.10
34.10
34.00
33.90
33.90
33.80
33.80
33.80
33.70
33.70
33.60
33.60
33.50
33.50
33.40
33.30
33.20
33.10
33.10
33.00
32.90
32.90
32.90
32.90
32.90
32.80