20120101
20121231
22.61
22.61
22.60
22.60
22.60
22.60
22.60
22.59
22.59
22.59
22.59
22.59
22.58
22.58
22.58
22.58
22.58
22.57
22.57
22.57
22.57
22.57
22.56
22.56
22.56
22.56
22.56
22.55
22.55
22.55
22.55
22.55
22.54
22.54
22.54
22.54
22.54
22.53
22.53
22.53
22.53
22.53
22.52
22.52
22.52
22.52
22.52
22.51
22.51
22.51
22.51
22.51
22.50
22.50
22.50
22.50
22.50
22.49
22.49
22.49
22.49
22.49
22.48
22.48
22.48
22.48
22.48
22.47
22.47
22.47
22.47
22.47
22.46
22.46
22.46
22.46
22.46
22.45
22.45
22.45
22.45
22.45
22.44
22.44
22.44
22.44
22.44
22.43
22.43
22.43
22.43
22.43
22.42
22.42
22.42
22.42
22.42
22.41
22.41
22.41
22.41
22.41
22.40
22.40
22.40
22.40
22.40
22.39
22.39
22.39
22.39
22.39
22.38
22.38
22.38
22.38
22.38
22.37
22.37
22.37
22.37
22.37
22.36
22.36
22.36
22.36
22.36
22.35
22.35
22.35
22.35
22.35
22.34
22.34
22.34
22.34
22.34
22.33
22.33
22.33
22.33
22.33
22.32
22.32
22.32
22.32
22.32
22.31
22.31
22.31
22.31
22.31
22.30
22.30
22.30
22.30
22.30
22.29
22.29
22.29
22.29
22.29
22.28
22.28
22.28
22.28
22.28
22.27
22.27
22.27
22.27
22.27
22.26
22.26
22.26
22.26
22.26
22.25
22.25
22.25
22.25
22.25
22.24
22.24
22.24
22.24
22.24
22.23
22.23
22.23
22.23
22.23
22.22
22.22
22.22
22.22
22.22
22.21
22.21
22.21
22.21
22.21
22.20
22.20
22.20
22.20
22.20
22.19
22.19
22.19
22.19
22.19
22.18
22.18
22.18
22.18
22.18
22.17
22.17
22.17
22.17
22.17
22.16
22.16
22.16
22.16
22.16
22.15
22.15
22.15
22.15
22.15
22.14
22.14
22.14
22.14
22.14
22.13
22.13
22.13
22.13
22.13
22.12
22.12
22.12
22.12
22.12
22.11
22.11
22.11
22.11
22.11
22.10
22.10
22.10
22.10
22.10
22.09
22.09
22.09
22.09
22.09
22.08
22.08
22.08
22.08
22.08
22.07
22.07
22.07
22.07
22.07
22.06
22.06
22.06
22.06
22.06
22.05
22.05
22.05
22.05
22.05
22.04
22.04
22.04
22.04
22.04
22.03
22.03
22.03
22.03
22.03
22.02
22.02
22.02
22.02
22.02
22.01
22.01
22.01
22.01
22.01
22.00
22.00
22.00
22.00
22.00
21.99
21.99
21.99
21.99
21.99
21.98
21.98
21.98
21.98
21.98
21.97
21.97
21.97
21.97
21.97
21.96
21.96
21.96
21.96
21.96
21.95
21.95
21.95
21.95
21.95
21.94
21.94
21.94
21.94
21.94
21.93
21.93
21.93
21.93
21.93
21.92
21.92
21.92
21.92
15.40
15.90
16.60
17.20
18.00
18.60
18.90
19.40
19.90
20.40
21.10
21.40
21.80
21.70
21.50
21.20
21.10
20.90
20.80
20.60
20.50
20.40
20.40
20.30
20.30
20.20
20.20
20.10
20.10
20.10
20.00
20.00
19.90
19.90
19.90
19.90
19.90
19.90
19.80
19.80
19.70
19.80
19.80
19.80
19.70
19.70
19.70
19.70
19.70
19.60
19.60
19.50
19.60
19.50
19.40
19.50
19.40
19.40
19.50
19.40
19.40
19.40
19.40
19.40
19.40
19.40
19.40
19.40
19.40
19.40
19.30
19.40
19.30
19.30
19.20
19.20
19.10
19.10
19.10
19.10
19.10
19.10
19.10
19.10
19.10
19.10
19.10
19.10
19.00
19.00
19.00
19.00
19.00
19.00
19.00
19.00
19.00
19.00
19.00
19.00
19.00
19.00
19.00
19.10
19.10
19.20
19.30
19.30
19.30
19.40
19.40
19.40
19.50
19.50
19.40
19.50
19.50
19.50
20.60
20.50
20.50
20.50
20.40
20.40
20.40
20.30
20.30
20.30
20.30
20.20
20.30
20.30
20.20
20.30
20.20
20.30
20.20
20.20
20.30
20.30
20.40
20.40
20.50
20.70
20.80
21.00
21.10
21.10
21.10
21.10
21.10
21.20
21.20
21.10
22.20
22.70
22.60
22.40
22.20
22.10
22.10
22.20
22.20
22.30
23.10
23.10
22.80
22.60
22.60
22.70
22.60
22.40
22.30
22.30
22.20
22.20
22.20
22.10
22.10
22.00
21.90
21.80
21.70
21.60
21.60
21.50
21.40
21.40
21.90
22.80
23.70
23.50
23.60
23.50
23.20
23.00
22.80
22.60
22.50
22.30
22.30
22.10
22.10
22.00
21.90
21.80
21.70
21.60
21.50
21.50
21.40
21.40
21.40
21.40
21.40
21.30
21.30
21.30
21.30
21.40
21.40
21.40
21.50
21.50
21.60
21.60
21.60
21.50
21.50
21.50
21.50
21.50
21.40
21.40
21.40
21.30
21.30
21.30
21.30
21.30
21.20
21.20
21.20
21.20
21.20
21.10
21.10
21.10
21.10
21.10
21.10
21.00
21.00
21.00
21.00
21.00
21.00
21.00
21.00
20.90
20.90
20.90
20.90
20.90
20.90
20.90
20.90
20.90
20.80
20.90
20.80
20.80
20.90
20.90
20.90
20.90
20.90
20.90
21.00
20.90
21.00
21.00
21.00
21.00
21.00
21.10
21.00
21.10
21.00
21.10
21.10
21.10
21.10
21.10
21.10
21.00
21.00
21.00
21.00
21.00
21.00
21.00
21.00
21.00
20.90
21.00
20.90
20.90
21.00
20.90
20.90
20.90
20.90
20.90
20.90
20.80
20.90
20.90
20.80
20.90
20.80
20.80
20.80
20.80
20.80
20.80
20.80
20.80
20.70
20.80
20.80
20.70
20.80
20.70
20.70
20.70
20.70
20.70
20.70
20.70
20.70
20.60
20.60
20.60
20.60
20.60
20.60
20.60
20.60
20.60
20.60
20.60
20.60
20.50
20.50
20.50
20.60
20.50
20.50
20.50
20.50
20.50
20.50
20.40
20.40
20.40
20.40
20.40
20.30
20.40
20.40
20.40
20.40
20.40
20.30
20.40
20.30
20.40
20.30
20.30
20.30
20.30
20.30
20.30
20.30
20.30
20.30
20.30
20.20
20.20
20.20
20.10
20.20
20.10
20.20
20.10
20.10
20.10
20.10
20.10
20.10
20.10
20.10
20.10
20.10
20.10
20.10
20.10
20.10
20.00
19.90
20.00
19.90
20.00
19.90
19.90
19.90
19.90
19.90
19.90
19.90
19.90
19.90
19.80
19.80
19.90
19.90
19.90
19.90
19.80
19.80
19.80
19.80
19.90
19.90
19.80
19.80
19.80
19.80
19.80
19.80
19.80
19.80
19.80
19.80
19.80
19.80
19.80
19.80
19.80
19.70
19.80
19.80
19.80
19.80
19.80
19.80
19.70
19.80
19.80
19.70
19.80
19.70
19.70
19.70
19.70
19.70
19.70
19.70
19.70
19.70
19.60
19.70
19.70
19.70
19.70
19.60
19.70
19.60
19.60
19.70
19.60
19.70
19.60
19.60
19.60
19.60
19.60
19.50
19.50
19.50
19.50
19.50
19.50
19.50
19.60
19.50
19.50
19.50
19.50
19.50
19.50
19.50
19.50
19.50
19.50
19.50
19.50
19.50
19.50
19.50
19.50
19.40
19.50
19.40
19.50
19.40
19.40
19.40
19.40
19.40
19.40
19.40
19.40
19.40
19.40
19.40
19.40
19.40
19.40
19.40
19.40
19.40
19.40
19.40
19.40
19.40
19.40
19.40
19.40
19.40
19.40
19.40
19.40
19.40
19.40
19.30
19.30
19.30
19.40
19.40
19.40
19.40
19.30
19.30
19.30
19.30
19.20
19.20
19.20
19.20
19.20
19.20
19.20
19.20
19.20
19.20
19.20
19.30
19.20
19.20
19.20
19.20
19.20
19.20
19.20
19.20
19.20
19.20
19.10
19.10
19.10
19.10
19.10
19.10
19.00
19.10
19.10
19.10
19.10
19.10
19.10
19.10
19.10
19.10
19.10
19.10
19.10
19.10
19.10
19.10
19.10
19.10
19.00
19.00
19.00
19.00
18.90
18.90
18.90
18.90
18.90
19.00
19.00
19.00
19.00
19.00
19.00
18.90
19.00
18.90
18.90
18.90
18.90
18.90
18.90
18.80
18.80
18.80
18.90
18.90
18.90
19.00
19.00
19.00
19.00
19.00
19.00
19.00
19.00
19.10
19.10
19.10
19.10
19.10
19.10
19.10
19.10
19.10
19.10
19.10
19.20
19.20
19.20
19.20
19.10
19.20
19.10
19.10
19.10
19.20
19.20
19.20
19.10
19.20
19.10
19.20
19.10
19.10
19.20
19.10
19.20
19.20
19.10
19.20
19.10
19.10
19.10
19.10
19.10
19.10
19.10
19.10
19.00
19.00
19.00
19.10
19.10
19.00
19.00
19.00
19.10
19.00
19.10
19.00
19.00
19.00
19.00
18.90
18.80
18.70
18.70
18.70
18.70
18.70
18.70
18.70
18.70
18.70
18.80
18.80
18.70
18.70
18.70
18.70
18.70
18.70
18.70
18.70
18.70
18.70
18.60
18.50
18.30
18.20
18.10
18.20
18.20
18.20
18.20
18.20
18.30
18.30
18.30
18.30
18.40
18.30
18.30
18.30
18.40
18.40
18.40
18.30
18.40
18.30
18.30
18.20
18.10
18.10
18.00
18.10
18.00
18.00
18.10
18.10
18.20
18.00
18.20
18.10
18.10
18.10
18.10
18.10
18.20
18.20
18.10
18.20
18.20
18.20
18.10
18.10
18.00
18.10
18.00
18.00
18.00
18.00
17.90
18.00
18.00
18.00
18.10
18.10
18.00
18.00
18.10
18.10
18.00
18.00
18.00
18.00
18.10
18.00
18.00
17.90
17.80
17.80
17.70
17.60
17.60
17.70
17.70
17.70
17.80
17.70
17.70
17.80
17.70
17.70
17.70
17.70
17.70
17.80
17.70
17.80
17.80
17.70
17.70
17.60
17.60
17.50
17.50
17.40
17.40
17.40
17.40
17.50
17.40
17.50
17.50
17.50
17.40
17.50
17.50
17.50
17.50
17.50
17.40
17.40
17.50
17.40
17.30
17.20
17.10
17.00
17.00
17.00
17.00
17.00
17.00
17.00
17.00
17.00
17.00
17.00
17.00
17.10
17.10
17.10
17.10
17.10
17.10
17.10
17.10
17.00
16.90
17.00
16.90
16.90
16.90
16.90
16.90
16.90
16.90
16.90
16.90
16.90
16.90
16.90
16.90
16.90
16.90
16.90
16.90
16.80
16.90
16.90
16.90
16.80
16.80
16.70
16.70
16.60
16.60
16.50
16.50
16.50
16.60
16.60
16.60
16.60
16.60
16.60
16.60
16.60
16.60
16.60
16.60
16.60
16.60
16.60
16.60
16.60
16.60
16.60
16.60
16.60
16.60
16.60
16.60
16.60
16.60
16.60
16.60
16.60
16.60
16.60
16.60
16.60
16.70
16.60
16.60
16.70
16.60
16.70
16.70
16.70
16.70
16.60
16.60
16.70
16.60
16.70
16.60
16.60
16.60
16.60
16.70
16.70
16.60
16.60
16.60
16.60
16.70
16.70
16.60
16.60
16.60
16.70
16.60
17.40
17.40
19.10
18.90
18.80
18.60
18.60
18.50
18.50
18.50
18.40
18.40
18.40
18.40
18.40
18.50
18.70
18.90
19.20
19.40
19.50
19.60
19.70
19.80
19.90
19.90
20.00
20.00
20.00
20.00
20.00
20.10
20.20
20.20
20.30
20.30
20.30
20.20
20.30
20.30
20.20
20.20
20.30
20.30
20.20
20.20
20.20
20.20
20.30
20.20
20.20
20.20
20.20
20.20
20.20
20.20
20.20
20.10
20.20
20.10
20.20
20.10
20.20
20.10
20.10
20.20
20.10
20.10
20.10
20.10
20.10
20.10
20.10
20.20
20.10
20.20
20.10
20.10
20.10
20.20
20.30
21.40
22.70
23.50
23.70
23.80
23.80
23.50
23.70
24.40
23.90
23.40
23.40
24.50
24.20
23.80
23.40
23.10
22.90
22.80
22.60
22.50
22.40
22.30
22.20
22.20
22.10
22.00
22.00
22.00
22.00
22.10
22.20
22.20
22.30
22.30
22.40
22.40
22.30
22.30
22.30
22.30
22.30
22.30
22.30
22.20
22.10
22.10
22.10
22.10
22.00
22.00
22.10
22.00
22.00
22.00
21.90
21.90
22.00
21.90
21.90
22.00
21.90
22.00
21.90
21.90
21.90
21.90
21.80
21.90
21.90
21.80
21.80
21.80
21.80
21.70
21.70
21.70
21.70
21.60
21.60
21.60
21.60
21.50
21.50
21.50
21.50
21.50
21.50
21.50
21.50
21.40
21.40
21.40
21.40
21.40
21.40
21.30
21.30
21.30
21.30
21.30
21.20
21.20
21.20
21.20
21.20
21.10
21.10
21.20
21.10
21.10
21.10
21.10
21.10
21.10
21.10
21.10
21.10
21.10
21.00
21.00
21.00
21.00
21.00
21.00
21.00
21.00
21.00
21.00
21.00
21.00
21.00
21.00
21.00
21.00
21.00
21.00
21.00
21.10
21.10
21.10
21.10
21.20
21.10
21.20
21.10
21.10
21.20
21.20
21.10
21.10
21.10
21.10
21.10
21.10
21.20
21.20
21.20
21.30
21.50
21.50
21.60
21.60
21.60
21.60
21.60
21.60
21.60
21.50
21.60
21.50
21.50
21.40
21.50
21.40
21.40
21.40
21.40
21.40
21.40
21.40
21.30
21.30
21.30
25.30
24.20
23.60
23.10
22.90
22.70
26.20
24.50
23.70
23.50
23.20
23.00
22.70
22.60
22.50
22.40
22.30
22.20
22.10
22.10
22.00
22.00
22.00
22.00
22.00
21.90
21.90
21.90
21.90
21.90
21.90
21.80
21.80
21.80
21.80
21.80
21.80
21.80
21.80
21.80
21.80
21.90
22.00
22.00
22.00
22.10
22.10
22.20
22.20
22.40
24.40
25.90
24.60
24.00
23.70
23.40
23.20
23.00
23.00
23.10
23.00
22.90
22.90
22.90
22.90
22.80
22.80
22.80
22.70
22.70
22.50
22.60
22.50
22.50
22.40
22.40
22.40
22.40
22.30
22.30
22.30
22.30
22.20
22.20
22.20
22.10
22.20
22.10
22.10
22.10
22.10
22.10
22.10
22.00
22.00
22.00
22.00
21.90
21.90
21.90
21.90
21.90
21.90
21.80
21.90
21.80
21.80
21.80
21.80
21.80
21.70
21.80
21.80
21.80
21.70
21.80
21.70
21.70
21.90
21.90
22.00
22.00
22.00
22.00
22.00
22.10
22.10
22.10
22.10
22.10
22.20
22.10
22.20
22.30
22.30
22.30
22.30
22.30
22.30
22.30
22.30
22.30
22.20
22.20
22.20
22.20
22.10
22.20
22.20
22.10
22.10
22.00
22.00
22.00
22.00
22.00
22.00
21.90
22.00
21.90
21.90
21.90
21.90
21.80
21.90
21.90
21.80
21.80
21.80
21.80
21.80
21.80
21.80
21.80
21.80
21.70
21.80
21.70
21.70
21.70
21.70
21.70
21.70
21.70
21.70
21.70
21.60
21.60
21.70
21.60
21.60
21.70
21.60
21.60
21.70
21.60
21.60
21.60
21.60
21.60
21.60
21.60
21.60
21.50
21.60
21.60
21.50
21.60
21.50
21.60
21.60
21.70
21.70
21.80
21.80
21.80
21.80
21.80
21.90
21.90
21.90
21.90
21.90
21.90
21.90
21.90
21.90
21.90
21.90
21.80
21.80
21.80
21.80
21.80
21.80
21.80
21.80
21.80
21.80
21.80
21.80
21.80
21.80
21.80
21.80
21.70
21.70
21.70
21.70
21.70
21.70
21.70
21.70
21.70
21.70
21.60
21.60
21.60
21.60
21.60
21.60
21.60
21.60
21.60
21.60
21.60
21.50
21.50
21.50
21.50
21.40
21.50
21.50
21.40
21.50
21.40
21.50
21.40
21.30
21.40
21.30
21.30
21.30
21.40
21.40
21.40
21.30
21.30
21.30
21.30
21.30
21.20
21.20
21.20
21.20
21.10
21.10
21.20
21.10
21.10
21.10
21.10
21.10
21.10
21.10
21.20
21.00
21.10
21.00
21.00
21.10
20.90
20.80
20.80
20.80
20.70
20.60
20.60
20.80
20.70
20.70
20.70
20.80
20.80
20.70
20.80
20.70
20.80
20.60
20.60
20.70
20.70
20.60
20.70
20.60
20.60
20.60
20.60
20.60
20.60
20.50
20.60
20.60
20.60
20.60
20.70
20.50
20.50
20.60
20.50
20.50
20.60
20.60
20.60
20.60
20.60
20.60
20.50
20.60
20.50
20.40
20.40
20.40
20.40
20.40
20.50
20.40
20.30
20.50
20.30
20.30
20.50
20.40
20.30
20.30
20.40
20.40
20.40
20.40
20.40
20.40
20.40
20.40
20.40
20.40
20.30
20.30
20.20
20.20
20.20
20.20
20.30
20.20
20.30
20.20
20.20
20.20
20.20
20.20
20.20
20.30
20.30
20.20
20.20
20.20
20.20
20.20
20.30
20.20
20.20
20.20
20.20
20.20
20.20
20.20
20.20
20.30
20.20
20.20
20.20
20.30
20.20
20.20
20.20
20.20
20.30
20.20
20.20
20.20
20.30
20.20
20.20
20.10
20.10
20.10
20.00
19.90
19.90
19.90
19.90
19.90
19.90
20.00
20.00
20.00
20.00
19.90
19.90
20.00
20.00
20.00
20.00
19.90
20.00
19.90
19.80
19.70
19.60
19.50
19.50
19.40
19.40
19.40
19.40
19.50
19.50
19.50
19.50
19.50
19.50
19.50
19.50
19.50
19.50
19.50
19.50
19.50
19.50
19.50
19.40
19.30
19.20
19.10
19.10
19.00
19.00
19.00
19.10
19.10
19.10
19.10
19.10
19.10
19.10
19.10
19.10
19.10
19.10
19.10
19.10
19.10
19.00
19.00
18.90
18.80
18.70
18.70
18.60
18.50
18.50
18.50
18.60
18.60
18.60
18.60
18.60
18.70
18.70
18.70
18.60
18.60
18.60
18.60
18.60
18.60
18.60
18.60
18.50
18.40
18.40
18.30
18.20
18.20
18.10
18.20
18.20
18.30
18.20
18.30
18.30
18.30
18.30
18.30
18.30
18.30
18.30
18.30
18.30
18.30
18.30
18.30
18.20
18.10
18.10
18.10
18.00
18.00
18.10
18.00
18.00
18.00
18.10
18.00
18.10
18.10
18.10
18.10
18.10
18.10
18.10
18.10
18.10
18.10
18.10
18.10
18.00
18.00
18.00
17.90
17.80
17.80
17.80
17.80
17.80
17.90
17.80
17.90
17.80
17.90
17.90
17.90
17.80
17.80
17.80
17.90
17.80
17.80
17.80
17.80
17.80
17.70
17.60
17.50
17.40
17.30
17.30
17.40
17.30
17.40
17.40
17.40
17.40
17.40
17.40
17.40
17.40
17.40
17.40
17.40
17.40
17.40
17.40
17.30
17.20
17.10
17.00
16.90
16.80
16.70
16.70
16.70
16.70
16.80
16.80
16.80
16.90
16.90
16.90
16.90
16.90
16.90
16.90
16.90
16.90
16.90
16.90
16.90
16.80
16.70
16.70
16.60
16.50
16.60
16.60
16.50
16.50
16.50
16.50
16.70
16.70
16.70
16.60
16.60
16.60
16.60
16.60
16.60
16.60
16.70
16.60
16.60
16.50
16.50
16.30
16.20
16.20
16.10
16.00
16.20
16.10
16.20
16.10
16.30
16.30
16.10
16.20
16.20
16.20
16.20
16.30
16.20
16.30
16.30
16.30
16.30
16.20
16.20
16.20
16.10
16.20
16.20
16.20
16.20
16.10
16.20
16.20
16.20
16.30
16.20
16.10
16.30
16.30
16.20
16.20
16.20
16.10
16.20
16.20
16.30
20.20
23.30
22.60
24.40
23.50
24.30
23.60
23.30
24.20
24.90
24.30
24.50
23.90
23.40
24.30
25.60
24.70
24.10
24.60
24.10
23.60
23.30
23.10
22.90
22.80
22.70
22.60
22.60
22.40
22.40
22.40
22.30
22.20
22.20
22.20
22.30
22.30
22.30
22.40
22.40
22.40
22.40
22.40
22.40
22.40
22.50
22.50
22.60
22.60
22.60
22.60
22.60
22.50
22.50
22.50
22.40
22.40
22.40
22.30
22.30
22.30
22.20
22.20
24.20
25.40
26.40
25.70
24.90
24.30
23.90
23.80
24.30
24.80
24.50
24.50
24.40
24.70
25.70
25.30
27.70
27.40
27.60
27.30
25.60
26.10
25.00
24.50
24.20
23.90
23.80
23.70
23.60
23.40
23.30
23.30
23.20
23.10
23.10
23.00
23.00
22.90
22.80
22.80
22.70
22.70
22.70
22.60
22.60
22.60
22.50
22.50
22.40
22.40
22.40
22.40
22.40
22.40
22.40
22.30
22.20
22.30
22.30
22.20
22.10
22.10
22.00
22.10
22.00
22.10
22.10
22.00
21.90
22.00
21.90
21.90
21.90
21.90
21.90
21.90
22.00
21.80
21.80
21.80
21.90
21.80
21.70
21.60
21.60
21.50
21.60
21.60
21.60
21.40
21.50
21.40
21.40
21.60
21.60
21.50
21.50
21.40
21.40
21.50
21.50
21.40
21.40
21.40
21.40
21.40
21.30
21.30
21.30
21.20
21.10
21.30
21.10
21.30
21.10
21.30
21.20
21.30
21.10
21.20
21.20
21.20
21.20
21.30
21.20
21.30
21.10
21.10
21.10
21.10
21.20
21.00
20.90
21.20
23.80
23.30
23.20
23.10
23.20
23.10
23.00
22.80
22.90
22.80
22.80
22.70
22.50
22.60
22.50
22.40
22.50
22.40
22.30
22.30
22.40
22.30
22.20
22.10
22.20
22.20
22.00
22.10
22.00
22.00
22.10
22.20
21.90
21.90
22.10
21.90
22.00
21.80
22.00
21.90
21.90
21.80
21.90
21.90
21.90
21.80
21.80
21.60
21.70
21.80
21.50
21.50
21.70
21.70
21.50
21.70
21.50
21.70
21.50
21.70
21.50
21.50
21.70
21.50
21.40
21.50
21.50
21.40
21.40
21.40
21.50
21.60
21.50
21.30
21.40
21.30
21.30
21.30
21.50
21.30
21.40
21.40
21.40
21.50
21.40
21.30
21.40
21.40
21.30
21.40
21.30
21.30
21.40
21.30
21.30
21.30
21.30
21.30
21.30
21.40
22.00
21.90
21.90
21.90
22.00
21.90
21.90
22.00
22.00
21.90
21.90
22.00
22.00
21.90
22.00
22.00
21.90
22.00
21.90
21.90
21.80
21.90
21.90
21.90
23.40
23.70
23.70
23.50
23.40
23.30
23.20
23.10
22.90
22.80
22.80
22.80
22.70
22.70
27.10
25.20
24.50
24.90
24.50
24.20
24.10
23.90
23.80
23.60
23.50
23.40
23.30
23.20
23.10
23.10
23.00
22.90
22.80
22.70
22.80
22.70
28.70
27.00
27.20
26.30
25.50
24.90
24.40
24.10
23.90
23.80
24.50
24.50
24.20
23.90
23.80
23.60
23.50
23.40
23.30
23.30
23.20
23.20
23.10
23.00
23.00
23.00
22.90
22.90
22.80
22.70
22.70
22.60
22.60
22.60
22.60
22.60
22.60
22.50
22.60
22.50
22.40
22.50
22.40
22.50
22.50
22.40
22.40
22.40
22.40
22.40
22.30
22.30
22.30
22.20
22.10
22.00
22.00
21.90
21.90
22.00
21.90
21.90
22.10
22.00
21.90
21.90
22.00
21.90
22.00
22.00
22.00
21.90
21.90
21.90
21.80
21.90
22.00
21.90
21.90
21.90
21.80
21.80
21.70
21.80
21.70
21.70
21.70
21.90
21.90
21.90
21.70
21.80
21.90
21.80
21.70
21.70
21.70
21.60
21.70
21.80
21.60
21.70
21.40
21.50
21.30
21.50
21.60
21.50
21.40
21.50
21.30
21.50
21.50
21.30
21.40
21.40
21.30
21.40
21.50
21.40
21.30
21.30
21.30
21.40
21.20
21.20
21.30
21.30
20.90
22.00
21.90
24.40
24.40
24.00
23.70
23.40
23.40
23.20
23.10
23.10
23.00
23.00
22.90
22.90
22.90
22.80
22.80
22.70
22.60
22.60
22.50
22.50
22.50
22.50
22.40
22.40
22.30
22.40
22.40
22.30
22.30
22.30
22.30
22.30
22.30
22.30
22.30
22.30
22.20
22.30
22.20
22.20
22.20
22.20
28.30
25.60
24.90
24.40
25.30
24.70
25.60
26.70
25.30
24.70
24.30
24.10
23.90
23.70
23.60
23.50
23.40
23.30
23.30
23.20
23.20
23.10
23.10
23.00
22.90
22.90
23.00
22.90
22.90
22.90
22.80
22.70
22.70
22.70
22.70
22.70
22.60
22.70
22.50
22.60
22.60
22.70
22.60
22.60
22.50
22.50
22.60
22.40
22.50
22.40
22.50
22.30
22.40
22.50
22.50
22.50
22.40
22.20
22.30
22.40
22.40
22.20
22.20
22.20
22.40
22.10
22.20
22.20
22.10
22.00
21.90
22.00
22.10
21.90
22.00
21.80
22.00
22.10
21.80
21.90
22.00
21.80
21.80
21.70
22.00
22.00
21.80
22.00
21.80
21.80
21.90
21.70
21.70
21.90
21.70
21.80
21.70
21.50
21.50
21.60
21.40
21.40
21.50
21.60
21.70
21.50
21.70
21.70
21.70
21.50
21.50
21.50
21.50
21.60
21.50
21.60
21.40
21.50
21.40
21.30
21.30
21.30
21.00
21.00
21.20
21.30
21.20
21.40
21.20
21.40
21.20
21.20
21.30
21.30
21.30
21.20
21.50
21.50
21.30
21.30
21.50
21.50
21.20
21.40
21.20
21.40
21.40
21.40
21.10
21.20
21.40
21.10
21.20
21.30
21.40
21.40
21.10
21.20
21.40
21.20
21.20
21.20
21.30
21.20
21.20
21.20
21.20
21.30
21.10
21.20
21.20
21.20
21.00
21.00
21.30
21.10
21.20
21.20
21.20
21.00
21.00
21.10
21.10
21.20
21.90
23.50
23.10
23.10
23.30
24.00
23.80
23.60
23.30
23.30
23.00
23.00
23.10
22.80
22.80
22.80
22.70
22.60
22.70
22.60
23.00
23.00
22.90
22.80
22.90
23.00
22.90
22.70
22.80
22.70
22.50
24.00
23.90
23.50
23.40
23.50
23.40
23.20
23.00
23.10
23.10
22.80
22.90
22.90
22.70
22.70
22.80
22.60
22.80
22.50
22.50
22.60
22.60
22.60
22.50
22.50
22.50
22.40
22.30
22.30
22.40
22.10
22.30
22.10
22.20
22.40
22.10
22.00
22.30
22.30
22.20
22.30
22.30
22.30
22.00
22.20
22.20
21.80
22.00
21.70
21.90
21.60
21.80
21.80
21.90
21.70
21.90
21.90
21.60
21.60
21.70
21.70
21.70
21.60
21.70
21.70
21.70
21.80
21.60
21.50
21.70
21.60
21.40
21.50
21.40
21.50
21.20
21.10
21.20
21.40
21.40
21.40
21.10
21.20
21.40
21.40
21.10
21.40
21.40
21.40
21.20
21.10
21.40
21.40
21.20
21.00
20.90
21.00
20.90
20.60
21.00
20.70
21.00
20.60
20.70
20.80
20.80
20.70
21.00
20.80
20.80
20.70
20.90
21.00
21.00
20.70
20.80
21.00
21.00
20.90
20.80
20.80
20.90
20.70
20.80
24.30
23.90
23.60
23.20
23.30
23.00
23.20
23.10
23.00
22.80
23.00
22.80
22.60
22.90
22.70
22.80
22.70
22.60
22.60
22.60
22.60
22.50
22.20
22.40
22.30
22.50
22.50
22.20
22.20
22.30
22.30
22.20
22.30
22.40
22.40
22.10
22.30
22.30
22.20
22.10
22.30
22.30
22.00
23.80
24.20
24.10
23.70
23.80
23.70
23.30
23.50
23.40
23.20
23.20
23.00
23.00
23.10
23.00
22.90
23.00
22.70
22.60
22.60
22.70
22.70
22.60
22.70
22.70
22.40
22.40
22.30
22.40
22.20
22.50
22.20
22.10
22.20
22.20
22.20
22.10
22.40
22.20
22.40
22.30
22.30
22.40
22.30
22.10
22.00
22.10
22.10
22.00
22.10
21.80
22.10
22.00
22.10
21.90
21.90
22.00
21.80
21.80
22.00
22.10
21.80
21.90
22.00
22.00
22.00
22.00
22.00
21.80
22.00
21.80
21.70
21.80
21.70
21.50
21.50
21.60
21.50
21.60
21.40
21.40
21.40
21.70
21.40
21.60
21.40
21.70
21.40
21.70
21.60
21.70
21.40
21.40
21.60
21.60
21.40
21.40
21.60
21.50
21.40
21.10
21.20
21.40
21.10
21.40
21.30
21.40
21.20
21.10
21.30
21.30
21.10
21.30
21.10
21.30
21.30
21.30
21.30
21.20
21.10
21.40
21.40
25.60
24.70
24.20
24.00
24.00
23.60
23.40
23.40
23.30
23.20
23.10
22.90
23.10
22.80
22.80
22.70
22.90
22.70
22.80
22.70
22.80
22.70
22.70
22.40
22.60
22.50
22.40
22.30
22.40
22.40
22.40
22.60
22.30
22.30
22.50
22.40
22.40
22.20
22.50
22.20
22.40
22.10
22.20
22.30
22.20
22.00
22.00
22.00
22.10
21.90
21.90
21.90
22.10
21.80
22.00
23.30
24.80
24.20
23.90
23.50
23.40
23.30
23.40
23.10
23.00
23.00
25.20
26.10
26.00
25.00
24.70
24.20
24.20
23.80
23.50
23.70
23.50
23.50
23.30
23.10
23.30
23.20
23.00
22.90
22.90
22.90
22.90
23.00
22.80
22.90
22.70
22.80
22.80
22.60
22.70
22.60
22.50
22.40
22.40
22.30
22.30
22.30
22.30
22.50
22.50
22.50
22.40
22.40
22.30
22.50
22.30
22.20
22.40
22.30
22.40
22.20
22.30
22.10
22.30
22.00
22.20
22.00
21.90
21.90
22.10
22.10
22.10
21.90
21.90
22.00
22.10
21.90
22.20
21.90
22.00
21.90
22.10
21.80
21.90
21.90
22.00
22.00
21.90
21.80
21.80
21.70
21.60
21.80
21.70
21.50
21.50
21.70
21.80
21.70
21.50
21.50
21.50
21.70
21.50
21.60
21.70
21.50
21.60
21.70
21.60
21.60
21.40
21.60
21.60
21.30
21.50
21.50
21.50
21.50
21.20
21.40
21.30
21.20
21.50
21.20
21.40
21.30
21.40
21.20
21.40
21.40
21.20
21.20
21.40
21.30
21.40
21.10
21.30
21.00
21.10
21.00
21.00
21.00
21.30
21.10
21.00
21.30
23.60
23.30
23.30
23.00
23.00
23.00
23.60
23.50
23.30
23.20
23.40
23.30
23.20
23.00
23.10
23.00
23.00
24.10
24.40
24.10
24.00
23.60
23.70
23.40
23.20
23.10
23.10
23.00
23.10
23.10
23.00
23.00
22.90
22.90
22.90
22.90
22.70
22.80
22.50
22.50
22.60
23.00
23.00
24.90
24.60
24.20
24.00
23.90
24.00
23.80
23.80
23.60
24.20
24.10
24.00
23.90
23.60
23.50
23.50
23.40
23.20
23.30
23.10
23.00
23.00
23.00
23.00
22.90
22.80
22.90
22.80
22.90
22.80
22.80
22.80
22.70
22.70
22.70
22.60
22.60
22.60
22.50
22.50
22.50
22.60
22.60
22.50
22.40
22.40
22.50
22.40
22.40
22.40
22.40
22.30
22.30
22.30
22.40
22.40
22.40
22.30
22.30
22.50
22.50
22.40
22.50
22.40
22.40
22.30
22.30
22.40
22.40
22.30
22.30
22.20
22.30
22.20
22.20
22.20
22.20
22.20
22.30
22.30
22.20
22.30
22.20
22.20
22.30
22.40
22.50
22.50
22.60
22.50
22.60
22.50
22.40
22.50
22.50
22.40
22.40
22.50
22.40
22.50
22.40
22.40
22.50
22.40
22.50
22.50
22.30
22.30
22.30
22.40
22.40
22.30
22.20
22.30
22.30
22.30
22.10
22.10
22.20
22.10
22.10
22.10
22.10
22.10
22.00
22.10
22.00
22.20
22.10
22.10
22.00
22.00
22.10
22.10
22.10
22.10
22.00
22.00
21.90
21.80
22.00
21.80
22.00
21.90
21.90
21.90
21.80
21.90
21.90
21.80
21.90
21.80
21.80
21.90
21.80
21.90
21.70
21.80
21.90
21.70
21.60
21.60
21.60
21.50
21.70
21.50
21.60
21.40
21.60
21.40
21.50
21.40
21.60
21.50
21.40
21.40
21.50
21.40
21.40
21.40
21.50
21.40
21.40
21.40
21.40
21.20
21.30
21.30
21.00
21.10
21.10
21.00
21.30
21.30
21.20
21.10
21.10
21.00
21.20
21.20
21.20
21.10
21.20
21.10
21.20
21.20
21.10
21.20
21.10
21.10
21.10
21.20
21.10
21.10
20.80
20.80
21.00
20.70
21.00
20.90
21.00
20.80
21.00
20.80
20.80
20.90
21.00
20.90
21.00
20.90
20.80
21.00
20.80
20.70
20.60
20.70
20.60
20.40
20.60
20.50
20.60
20.40
20.60
20.40
20.40
20.50
20.30
20.60
20.50
20.40
20.40
20.60
20.50
20.40
20.50
20.30
20.40
20.40
20.40
20.30
20.40
20.10
20.40
20.20
20.40
20.40
20.10
20.10
20.30
20.10
20.10
20.20
20.20
20.30
20.30
20.10
20.10
20.30
20.30
20.20
20.20
19.80
19.80
19.90
19.60
19.60
19.70
19.70
19.70
19.50
19.50
19.70
19.50
19.70
19.60
19.50
19.60
19.70
19.70
19.50
19.70
19.60
19.60
19.50
19.30
19.20
19.10
19.00
18.90
18.90
18.90
18.90
19.20
19.20
18.90
19.00
19.20
19.00
19.00
19.00
19.00
19.20
19.00
19.10
19.20
19.00
19.20
19.00
19.00
19.10
18.90
18.90
18.70
18.70
19.00
18.90
18.90
19.10
19.10
18.90
19.10
18.80
22.70
25.40
24.20
23.70
23.30
23.10
23.10
22.90
22.80
22.60
22.70
22.60
22.40
22.40
22.50
22.20
22.40
22.20
22.10
22.20
22.20
22.40
22.40
22.30
22.50
22.50
22.30
22.40
22.30
22.40
22.40
22.20
22.40
22.20
22.30
22.10
22.00
22.10
22.10
22.00
22.10
22.00
22.10
22.00
21.90
21.80
21.90
22.00
21.90
21.80
21.80
21.90
22.00
22.00
21.90
21.90
21.70
21.70
21.70
21.80
21.70
21.60
21.80
21.50
21.60
21.80
21.80
21.50
21.60
21.70
21.60
21.60
21.60
21.60
21.70
21.60
21.70
21.50
21.50
21.70
21.50
21.50
21.60
21.50
21.50
21.60
21.50
21.50
21.20
21.50
21.30
21.40
21.40
21.30
25.00
24.40
23.90
23.50
23.40
23.20
23.10
22.90
22.90
22.70
22.70
22.70
22.70
22.70
22.60
22.60
22.30
22.30
22.40
22.30
24.90
24.40
24.00
23.70
23.80
23.60
23.60
24.10
26.20
25.10
24.40
25.40
25.30
25.20
25.40
24.80
24.40
24.10
23.80
23.70
23.60
23.50
23.20
23.10
23.10
23.30
23.30
23.40
23.30
23.20
23.10
23.10
23.20
23.00
22.90
23.00
22.90
22.80
22.80
22.70
22.70
22.70
22.60
22.50
22.60
22.40
22.60
22.20
22.10
22.10
22.10
22.20
22.00
22.00
22.10
22.00
22.10
21.90
21.90
22.00
21.90
22.10
22.10
21.90
22.00
22.00
21.90
21.80
21.80
21.70
21.70
21.70
21.80
21.60
21.70
21.70
21.60
21.70
21.50
21.70
21.80
21.50
21.50
21.70
21.70
21.60
21.60
21.70
21.60
21.30
21.30
21.30
21.50
21.50
21.40
21.20
21.20
21.40
21.30
21.40
21.20
21.20
21.20
21.40
21.30
21.20
21.20
21.30
21.20
21.20
21.30
21.20
21.30
21.30
21.10
21.20
21.20
21.10
21.00
21.10
21.10
21.10
21.30
21.30
21.20
21.20
21.40
21.30
21.50
21.50
21.50
21.30
21.50
24.10
24.60
24.20
24.10
24.80
25.80
25.50
24.70
24.30
23.90
23.80
23.50
23.40
23.40
23.10
23.20
23.10
23.00
22.90
22.70
22.80
22.90
22.90
23.00
22.90
22.80
22.80
22.80
22.80
24.40
25.00
24.60
24.10
23.70
23.70
25.30
24.80
26.30
25.30
24.40
24.10
23.80
24.80
25.70
24.90
24.40
24.40
24.30
24.10
23.90
23.70
23.70
23.60
23.30
23.20
23.10
23.10
23.10
22.90
23.00
22.80
22.80
22.80
22.70
22.70
22.60
22.70
22.60
22.50
22.50
22.40
22.60
22.50
22.50
22.50
22.30
22.30
22.90
23.10
23.00
23.00
22.80
23.00
22.90
22.70
22.70
22.70
22.70
22.60
22.50
22.50
22.50
22.60
22.50
22.50
22.50
22.30
22.40
22.30
22.30
22.20
22.20
22.40
22.30
26.50
24.70
24.20
23.90
23.50
23.40
23.50
23.20
23.30
23.00
22.90
23.00
22.90
22.80
22.70
22.80
22.60
22.60
22.60
22.70
22.60
22.50
24.80
24.50
24.10
23.80
23.70
23.40
23.50
23.20
23.30
23.10
23.10
22.90
22.90
22.80
22.80
22.90
22.80
22.80
22.60
22.50
22.70
22.50
22.40
22.40
22.20
22.20
22.30
22.20
22.30
22.20
22.30
22.20
22.00
22.20
22.20
22.10
22.00
22.10
22.20
22.20
22.00
21.90
22.10
22.00
21.80
21.70
21.80
21.70
21.80
21.80
21.50
21.50
21.80
21.50
21.50
21.80
22.00
22.10
22.10
22.00
22.00
21.90
22.00
21.90
22.10
22.10
23.10
22.90
22.90
23.40
23.70
23.60
25.30
25.20
24.30
24.00
25.10
24.40
23.90
23.80
23.60
23.40
23.30
23.20
23.10
23.10
23.10
22.90
22.90
22.90
22.90
22.80
22.80
22.80
22.60
22.50
22.50
22.60
22.70
22.70
22.70
22.70
22.70
22.50
22.50
22.60
22.60
22.60
22.50
22.50
22.40
22.40
22.60
23.00
23.10
23.10
23.00
22.90
22.80
23.00
23.30
23.30
23.20
23.40
23.30
23.40
23.30
23.30
23.00
23.10
23.10
23.00
22.90
22.80
22.80
22.90
22.80
22.70
22.80
22.70
22.50
22.60
22.50
22.50
22.20
22.20
22.40
22.30
22.10
22.00
22.30
22.20
22.10
22.00
22.20
22.20
22.20
22.00
22.20
21.90
22.00
21.90
21.90
21.90
21.90
22.00
21.80
21.90
21.90
21.80
21.60
21.70
21.60
21.50
21.70
21.60
21.50
21.70
21.60
21.70
21.50
21.60
21.70
21.70
21.70
21.50
21.40
21.60
21.40
21.60
21.60
21.50
21.50
21.50
21.50
21.50
21.20
21.30
21.20
21.40
21.50
21.20
21.10
21.30
21.20
21.20
21.10
22.30
22.30
22.50
22.50
22.30
22.50
22.50
22.30
22.50
22.30
22.20
22.20
22.30
22.20
22.20
22.30
22.10
22.20
22.10
22.10
22.00
21.90
22.20
22.00
21.90
21.90
22.10
22.10
21.80
21.80
21.80
21.70
21.90
21.90
21.70
23.50
23.50
23.10
23.10
22.90
23.00
23.00
22.90
22.80
22.80
22.60
22.50
22.50
22.50
22.40
22.40
22.40
22.30
22.40
22.20
22.20
22.30
21.60
21.90
24.80
23.80
23.70
23.20
23.20
23.20
23.00
22.80
23.00
22.90
22.80
22.70
22.60
22.70
22.70
22.50
22.40
22.60
22.30
22.50
22.10
22.20
22.00
22.20
21.90
22.10
21.90
22.10
21.90
22.00
21.90
21.90
21.80
21.80
22.00
22.00
21.90
21.80
21.90
21.80
21.80
21.90
21.90
21.70
21.50
21.60
21.40
21.40
21.70
21.40
21.60
21.60
21.60
21.30
21.30
21.30
21.10
21.30
21.50
21.20
21.30
21.20
21.30
21.50
21.50
21.30
21.20
21.40
21.30
21.10
21.00
21.20
21.20
21.10
21.00
21.20
21.10
20.90
20.90
21.10
20.80
20.90
20.90
21.20
20.80
21.10
20.90
20.90
20.90
20.80
21.00
20.80
20.90
20.60
20.70
20.90
20.80
20.80
20.60
20.70
20.50
20.70
20.80
20.40
20.40
20.40
20.70
20.60
20.70
20.40
20.70
20.60
20.50
20.40
20.60
20.50
20.30
20.40
20.40
20.30
20.40
20.00
20.30
20.40
20.00
20.20
20.30
20.00
20.00
20.30
20.30
20.00
20.30
20.20
20.10
20.10
20.20
20.30
20.20
20.00
20.00
19.90
19.90
19.60
19.70
19.60
19.60
19.50
19.80
19.80
19.50
19.70
19.80
19.50
19.70
19.80
19.60
19.40
19.70
19.60
19.60
19.50
19.30
19.30
19.50
19.10
19.20
19.30
19.00
19.20
19.10
18.80
18.80
18.80
19.00
19.10
19.10
19.10
18.90
18.80
19.00
19.10
18.90
19.00
19.00
19.00
18.80
19.00
18.60
18.70
18.60
18.50
18.20
18.30
18.20
18.50
18.20
18.50
18.20
18.30
18.50
18.20
18.60
18.30
18.60
18.30
18.30
18.30
18.30
18.50
18.30
18.30
18.20
18.40
18.20
18.40
21.00
21.10
21.20
21.00
21.00
21.20
21.00
21.20
21.10
21.20
21.20
21.00
20.70
21.00
21.00
21.00
21.10
20.90
21.10
21.10
21.10
20.70
20.70
20.70
20.90
20.70
21.00
20.70
20.80
20.60
20.60
20.60
20.60
20.90
20.70
20.50
20.80
20.70
20.60
20.60
20.60
20.70
20.60
20.70
20.60
20.40
20.40
20.20
20.10
20.10
20.20
20.40
20.40
20.20
20.30
20.20
20.30
20.00
20.00
20.00
20.10
20.30
20.00
20.30
20.30
20.10
20.10
20.20
19.90
20.00
19.90
20.00
19.90
19.80
19.70
19.80
19.80
19.70
19.60
19.80
19.70
19.70
19.60
19.60
19.60
19.60
19.80
19.70
19.60
19.60
19.70
19.70
19.40
19.50
19.40
19.20
19.20
19.20
19.00
19.00
19.10
19.10
19.30
19.30
19.20
19.00
19.00
19.00
19.10
19.20
19.10
19.00
19.00
19.10
19.00
19.00
18.90
18.70
18.80
18.60
18.80
18.60
18.40
18.60
18.60
18.40
18.30
18.10
18.10
18.30
18.30
18.30
18.30
18.20
18.20
18.40
18.30
18.30
18.30
18.20
18.20
18.20
18.10
18.00
17.80
17.80
17.80
17.90
17.80
17.70
17.80
17.80
17.70
17.70
17.70
17.70
17.60
17.30
17.40
21.60
21.30
25.20
25.30
24.60
25.50
24.40
24.40
24.40
23.70
24.50
24.40
23.90
23.50
23.30
23.10
22.90
23.00
23.30
26.00
26.50
26.00
26.90
26.80
26.90
26.50
25.50
24.40
23.70
23.40
23.20
23.10
23.00
23.10
23.00
23.00
23.00
22.90
22.80
22.80
22.70
22.70
22.60
22.60
22.50
22.60
22.50
22.40
22.40
22.40
22.40
23.50
26.10
25.50
24.50
26.30
25.70
26.80
34.50
35.80
36.20
35.60
33.40
28.50
25.10
24.30
24.00
23.70
23.60
23.50
23.40
23.20
23.20
23.20
23.10
23.20
23.10
23.20
23.10
23.20
23.20
23.20
23.20
23.30
23.20
23.10
23.20
23.00
23.00
23.00
22.90
22.90
22.90
22.80
22.90
22.80
22.80
22.80
22.70
22.60
22.60
22.70
22.70
22.60
22.60
22.60
22.50
22.40
22.30
26.10
24.80
24.30
24.00
23.70
23.70
23.60
23.40
23.40
23.30
23.10
23.10
23.20
23.00
23.00
22.90
22.70
22.60
22.70
22.50
22.60
22.50
22.20
22.30
22.30
22.30
22.30
22.20
22.10
22.20
22.30
22.20
22.30
22.20
22.10
22.10
22.20
22.00
22.10
22.00
22.00
22.00
21.80
21.70
21.70
21.80
21.80
21.70
21.60
21.50
21.50
21.60
21.60
21.70
21.70
21.40
21.50
21.40
21.40
21.60
21.60
21.40
21.60
21.30
21.40
21.30
21.30
21.00
21.30
21.20
21.30
20.90
21.00
21.20
21.10
21.20
20.90
21.10
21.00
21.10
21.00
21.00
21.00
21.00
21.10
21.00
21.00
20.80
20.80
20.50
20.90
20.90
20.60
20.40
20.60
20.70
20.30
20.70
20.30
20.70
20.30
20.30
20.30
20.30
20.20
20.30
20.50
20.60
20.30
20.50
20.20
20.50
20.40
20.10
20.20
19.90
20.10
20.00
19.70
20.00
19.60
19.80
19.80
19.70
19.70
19.90
19.60
19.70
19.60
19.60
19.70
19.60
19.70
19.60
19.50
19.50
19.60
19.60
19.40
19.40
19.40
19.30
19.20
19.30
19.30
19.20
19.00
19.10
19.20
19.10
19.20
19.10
19.10
19.00
19.00
19.10
19.10
19.10
19.00
18.80
18.70
18.70
18.80
18.60
18.70
18.50
18.50
18.30
18.30
18.30
18.40
18.30
18.20
18.30
18.30
18.20
18.30
18.20
18.30
18.20
18.40
18.40
18.30
18.20
18.40
18.20
18.10
18.20
18.10
18.00
18.30
18.00
18.20
18.00
18.00
18.00
18.10
17.90
18.00
18.00
18.10
18.00
18.10
18.00
17.90
18.10
18.00
17.80
18.00
18.00
17.80
17.80
18.10
18.10
18.10
18.00
18.00
18.10
18.30
18.40
18.20
18.20
18.20
18.50
18.50
18.50
18.20
18.30
18.50
18.20
18.20
18.40
18.00
18.20
18.10
18.00
18.20
18.10
18.10
17.80
17.80
17.90
18.10
18.00
17.80
17.90
17.70
17.70
18.10
18.10
17.90
17.70
18.00
17.80
18.00
17.60
17.40
17.40
17.70
17.40
17.30
17.30
17.30
17.50
17.40
17.10
17.40
17.10
17.10
17.10
17.00
17.00
17.40
17.20
17.20
16.90
16.90
17.00
16.90
16.80
17.00
16.50
21.30
20.90
20.60
20.10
20.40
20.00
20.30
20.10
19.80
19.80
20.20
20.10
19.90
20.10
20.00
20.00
20.10
19.70
20.00
20.10
19.70
19.60
19.60
19.50
19.80
24.00
23.10
22.90
22.40
22.10
22.00
22.00
22.00
21.90
21.80
21.60
21.50
21.40
21.50
21.40
21.40
21.30
21.30
21.30
21.20
21.10
21.10
21.10
21.10
21.00
21.00
20.90
20.80
20.90
20.90
20.90
20.80
20.80
20.80
20.80
20.70
20.70
20.70
20.60
20.60
20.60
20.50
20.50
18.30
20.10
20.20
20.20
20.20
20.20
20.20
20.10
19.80
19.90
19.90
20.00
20.00
20.00
20.00
20.00
20.00
20.00
20.00
20.00
20.00
19.90
19.90
20.00
20.00
19.70
17.90
19.00
19.40
19.60
19.60
19.60
19.60
19.60
19.70
19.60
19.60
19.60
19.40
19.40
19.50
19.40
18.50
18.80
19.00
19.20
19.40
19.50
19.50
19.60
19.60
19.50
19.50
19.50
19.50
19.50
19.40
19.40
19.40
19.40
19.40
19.40
19.40
19.40
19.40
19.40
19.40
19.40
19.40
19.40
19.30
19.30
19.30
19.20
19.20
19.10
19.10
19.00
19.00
18.90
18.80
18.80
18.80
18.80
18.80
18.80
18.80
18.80
18.70
18.70
18.70
18.70
18.70
18.70
18.70
18.70
18.70
18.60
18.60
18.60
18.50
18.90
19.30
19.40
19.30
24.90
21.90
21.60
21.40
21.30
21.20
21.20
21.20
21.10
21.10
21.10
21.00
21.00
21.00
21.00
21.00
21.00
21.00
20.90
22.10
23.70
24.30
23.10
22.70
22.40
22.30
22.10
22.00
21.90
21.90
21.80
21.70
21.70
23.50
24.10
23.30
22.90
22.60
22.50
22.30
22.20
23.20
22.90
22.70
22.50
22.40
22.20
22.10
22.00
21.90
21.80
21.70
21.70
21.60
21.60
21.50
21.40
21.40
21.40
21.30
21.30
21.20
21.20
21.20
21.10
21.00
20.90
20.90
20.90
20.80
20.80
20.70
20.70
20.70
20.60
20.60
20.60
20.60
20.60
20.50
20.50
20.50
20.50
20.50
20.50
20.50
20.40
20.40
20.40
20.30
20.30
20.30
20.20
20.20
20.10
20.10
20.10
20.00
20.00
20.00
20.00
20.00
19.90
19.90
19.90
19.80
19.80
19.80
19.80
19.80
19.80
19.80
19.70
19.70
19.70
19.70
19.70
19.60
19.60
19.60
19.60
19.60
19.60
19.60
19.60
19.60
19.60
19.60
19.60
19.60
19.60
19.50
19.60
19.60
19.50
19.60
19.50
19.60
19.60
21.60
23.20
22.60
22.40
25.70
24.40
24.20
23.50
23.00
22.70
22.50
22.30
22.20
22.10
22.00
21.90
21.80
21.80
21.70
21.70
21.60
21.50
21.40
21.30
21.30
21.20
21.20
21.10
21.10
21.10
21.10
21.00
21.00
21.00
20.90
20.90
20.90
20.80
20.80
20.80
20.80
20.70
20.70
20.70
20.60
20.50
20.50
20.40
20.40
20.40
20.30
20.10
18.70
19.30
19.50
19.60
19.70
19.70
19.70
19.70
19.80
19.70
19.80
19.80
19.80
19.80
19.80
19.80
19.80
19.80
19.80
19.70
19.70
19.80
19.90
20.20
20.30
20.30
20.30
20.30
20.30
20.30
20.30
20.30
20.30
20.30
20.30
20.30
20.30
20.30
20.20
20.20
20.20
20.20
20.20
20.10
20.10
20.00
20.00
20.00
19.90
20.00
19.90
19.90
19.90
19.90
19.80
19.80
19.80
19.80
19.80
19.80
19.70
19.70
19.70
19.70
19.60
19.60
19.50
19.50
19.40
19.40
19.40
19.30
19.30
19.30
19.30
19.30
19.20
19.20
19.20
19.20
19.10
19.10
19.20
19.10
19.10
19.10
19.10
19.10
19.10
19.00
18.90
18.90
18.80
18.80
18.70
18.70
18.70
18.70
18.60
18.60
18.60
18.60
18.60
18.60
18.50
18.50
18.50
18.50
18.50
18.50
18.40
18.40
18.40
18.30
18.30
18.30
18.30
18.20
18.20
18.10
18.10
18.10
18.10
18.10
18.00
18.00
18.00
18.00
18.00
17.90
17.90
17.90
17.90
17.90
17.90
17.90
17.80
17.80
17.70
17.60
17.50
17.50
17.40
17.40
17.30
17.30
17.30
17.30
17.30
17.20
17.20
17.20
17.20
17.20
17.10
17.10
17.10
17.10
25.80
23.00
22.50
22.20
22.10
22.00
21.90
21.80
21.80
21.70
21.60
21.60
21.50
21.50
14.60
21.00
21.10
21.10
21.10
21.10
21.10
21.10
21.10
21.10
21.10
21.20
21.20
21.30
21.30
27.80
25.10
23.80
23.30
23.00
22.80
22.70
22.60
23.80
23.40
23.20
23.00
22.80
22.70
22.60
22.50
22.40
22.40
22.30
22.20
22.20
21.50
21.40
21.70
22.40
22.40
22.40
22.30
22.30
22.20
22.20
22.50
27.20
27.70
27.20
26.70
26.20
25.80
25.20
24.70
24.00
23.40
23.00
22.70
22.40
22.20
22.00
21.80
21.80
21.70
21.60
21.50
21.50
21.50
21.40
21.40
21.40
22.30
22.80
22.70
22.80
23.10
23.20
23.30
23.30
23.10
23.00
22.90
22.80
22.70
22.60
22.50
22.40
22.30
22.30
22.20
22.10
22.10
22.10
22.00
22.00
21.90
21.90
21.90
23.10
26.00
24.40
23.80
23.50
23.20
23.00
22.90
22.80
22.70
22.60
22.50
22.50
22.40
22.30
22.30
22.20
22.20
22.20
22.50
22.50
22.50
25.30
24.20
23.70
23.40
23.20
23.00
22.90
22.80
22.70
22.60
22.50
22.50
22.40
22.30
22.30
22.20
22.20
22.10
22.10
22.00
22.00
22.00
21.90
21.90
22.30
22.70
22.70
22.80
22.70
22.70
22.70
22.50
22.10
21.90
21.80
21.90
22.00
22.10
22.00
23.20
23.20
23.00
23.00
22.90
22.80
22.70
22.60
22.60
22.50
22.50
22.50
22.40
22.40
22.40
22.30
22.30
22.20
22.20
22.20
22.20
22.10
22.10
22.10
22.00
22.00
21.90
21.90
21.90
21.80
21.80
21.80
21.70
21.70
21.70
21.70
21.60
21.60
21.60
21.50
21.50
21.50
21.50
21.50
21.40
21.40
21.40
21.30
21.30
21.20
21.20
21.10
21.10
21.10
21.00
21.00
21.00
21.00
20.90
20.90
20.90
20.90
20.90
20.80
20.80
20.80
20.80
20.80
20.80
20.70
20.70
20.70
20.60
20.60
20.60
20.50
20.50
20.50
20.50
20.40
20.40
20.40
20.40
20.40
20.40
20.40
20.40
20.40
20.40
20.40
20.30
20.30
20.30
20.30
20.30
20.20
20.20
20.20
20.20
20.10
20.10
20.10
20.10
20.10
20.00
20.00
20.00
20.00
20.00
20.00
19.90
19.90
19.90
19.90
19.90
19.90
19.80
19.80
19.80
19.70
19.80
19.70
19.70
19.70
19.70
19.60
19.60
19.60
19.60
19.60
19.50
19.50
19.50
19.50
19.50
19.50
19.50
19.50
19.40
19.40
19.40
19.40
19.30
19.30
19.30
19.30
19.30
19.20
19.20
19.10
19.10
19.10
19.00
19.00
19.00
19.00
18.90
18.90
18.80
18.80
18.90
18.70
18.70
18.70
18.70
18.60
17.60
17.60
17.60
17.60
17.60
17.60
17.70
17.80
17.90
17.90
17.70
17.90
18.00
18.00
18.00
18.00
18.10
18.10
18.10
18.10
18.00
18.00
18.10
17.90
17.90
17.80
18.00
17.90
17.80
17.80
17.90
17.90
17.90
17.90
17.90
17.80
17.80
17.80
17.80
17.90
17.90
17.80
17.80
17.80
17.70
17.70
17.60
17.50
17.40
17.40
17.30
17.30
17.20
17.20
17.20
17.20
17.20
17.20
17.10
17.10
17.10
17.00
17.00
17.00
17.00
17.00
17.00
17.00
17.00
17.10
16.90
16.70
16.60
16.60
16.50
16.40
16.40
16.30
16.30
16.30
16.30
16.20
16.20
16.20
16.20
16.10
16.10
16.10
16.00
16.00
16.00
16.00
16.00
16.00
15.90
15.80
15.80
15.70
15.60
15.50
15.50
15.40
15.40
15.40
15.40
15.40
15.40
15.30
15.30
15.30
15.30
15.20
15.20
15.20
15.20
15.20
15.20
15.20
15.20
15.10
15.10
15.00
15.00
14.90
14.90
14.90
14.90
14.90
14.90
14.80
14.90
14.80
14.80
14.70
14.70
14.70
14.70
14.70
14.70
14.60
14.60
14.60
14.60
14.90
14.80
14.70
14.70
14.60
14.60
14.50
14.50
14.50
14.50
14.50
14.40
14.40
14.40
14.30
14.30
14.30
14.20
14.20
14.20
14.20
14.10
14.10
14.10
14.10
14.10
14.10
14.10
14.10
14.10
14.10
14.10
14.10
14.10
14.30
14.30
14.30
14.30
14.20
14.20
14.20
14.20
14.20
14.30
14.30
14.30
14.30
14.30
14.30
14.30
14.30
14.40
14.40
14.40
14.30
14.30
14.30
14.30
14.30
14.30
14.30
14.20
14.30
14.20
14.20
14.20
14.20
14.20
14.20
14.20
14.10
14.10
14.10
14.10
14.10
14.00
14.00
14.00
14.00
13.90
13.90
13.90
13.80
13.80
13.80
13.80
13.80
13.70
13.70
13.70
13.70
13.70
13.70
13.70
13.60
13.60
13.50
13.50
13.50
13.50
13.40
13.30
13.30
13.30
13.30
13.20
13.20
25.40
21.80
20.40
19.80
19.50
19.40
19.20
19.10
19.10
19.00
19.00
18.90
18.90
18.90
18.80
18.80
18.80
18.80
18.80
18.80
18.80
18.80
18.80
18.80
18.70
18.70
18.70
18.70
18.70
18.70
18.70
18.60
18.60
18.60
18.60
18.50
18.50
18.50
18.40
18.40
18.40
18.40
18.30
18.30
18.30
18.30
18.20
18.20
18.20
18.10
18.10
18.10
18.00
18.00
18.00
18.00
17.90
18.00
17.90
17.80
17.80
17.80
17.60
17.70
17.60
17.60
17.50
17.50
17.50
17.50
17.40
17.40
17.30
17.30
17.30
17.30
17.20
17.20
17.30
17.20
17.20
17.10
17.10
17.00
16.90
16.90
16.80
16.70
16.70
16.60
16.60
16.60
16.60
16.60
16.60
16.50
16.50
16.40
16.40
16.30
16.30
16.30
16.30
16.20
16.20
16.20
16.10
16.00
15.90
15.80
15.70
15.60
15.60
15.50
15.50
15.50
15.50
15.40
15.40
15.40
15.30
15.30
15.30
15.20
15.20
15.10
15.10
15.10
15.00
15.00
14.90
14.80
14.70
14.50
14.40
14.30
14.20
14.20
14.10
14.10
14.00
14.00
13.90
13.90
13.80
13.70
13.70
13.60
13.60
13.50
13.50
13.50
13.50
13.40
13.40
13.30
13.10
13.00
12.90
12.80
12.80
12.70
12.70
12.70
12.70
12.70
12.60
12.50
12.50
12.40
12.30
17.20
17.20
17.10
17.00
16.90
16.90
16.80
16.70
16.60
16.40
16.20
16.00
15.80
15.70
15.70
15.60
15.60
15.60
15.50
15.40
15.20
15.10
14.90
14.70
14.60
14.40
14.20
14.20
13.90
13.70
13.60
13.50
13.30
13.00
12.80
12.70
12.70
12.60
12.60
12.70
12.50
12.40
12.50
12.50
12.40
12.30
12.20
12.20
12.10
12.00
12.00
11.90
11.80
11.80
11.80
11.80
11.70
11.60
11.60
11.60
11.70
11.60
11.70
11.70
11.80
11.80
11.80
11.60
11.50
11.50
11.40
11.30
11.30
11.20
11.20
11.20
11.10
11.10
11.00
11.00
11.00
11.00
10.90
11.00
11.00
11.10
11.10
11.20
11.20
11.20
11.20
11.10
11.00
10.90
10.80
10.70
10.60
10.50
10.40
10.30
10.30
10.40
10.40
10.40
10.40
10.40
10.30
10.30
10.30
10.30
10.40
10.40
10.50
10.50
10.50
10.50
10.40
10.20
10.10
10.10
10.00
9.90
9.90
9.80
9.80
9.70
9.70
9.50
9.50
9.30
9.10
9.10
9.00
9.00
9.10
9.10
9.10
9.10
9.10
9.00
8.90
8.80
8.60
8.50
8.30
8.20
8.10
7.90
7.70
7.50
7.30
7.00
6.80
6.60
6.50
6.40
6.40
6.40
6.50
6.60
6.60
6.50
6.40
6.30
13.90
13.90
13.90
13.90
13.90
13.90
13.90
13.90
13.90
13.90
13.90
13.90
13.90
13.90
13.90
13.90
13.90
13.90
13.90
13.90
13.90
13.90
13.90
13.90
13.90
13.90
13.90
13.90
13.90
13.90
13.90
13.90
13.90
13.90
13.90
13.90
13.90
13.90
13.90
13.90
13.90
13.90
13.90
13.90
13.90
13.90
13.90
13.90
13.90
13.90
13.90
13.90
13.90
13.90
13.90
13.90
13.90
13.90
13.90
13.90
13.90
13.90
13.90
13.90
13.90
13.90
13.90
13.90
13.90
13.90
13.90
13.90
13.90
13.90
13.90
13.90
13.90
13.90
13.90
13.90
13.90
13.90
13.90
13.90
13.90
13.90
13.90
13.90
13.90
13.90
13.90
13.90
13.90
13.90
13.90
13.90
13.90
13.90
13.90
13.90
13.90
13.90
13.90
13.90
13.90
13.90
13.90
13.90
13.90
13.90
13.90
13.90
13.90
13.90
13.90
13.90
13.90
13.90
13.90
13.90
13.90
13.90
13.90
13.90
13.90
13.90
13.90
13.90
13.90
13.90
13.90
13.90
13.90
13.90
13.90
13.90
13.90
13.90
13.90
13.90
13.90
13.90
13.90
13.90
13.90
13.90
13.90
13.90
13.90
13.90
13.90
13.90
13.90
13.90
13.90
13.90
13.90
13.90
13.90
13.90
13.90
13.90
13.90
13.90
13.90
13.90
13.90
13.90
13.90
13.90
13.90
13.90
13.90
13.90
13.90
13.90
13.90
13.90
13.90
13.90
13.90
13.90
13.90
13.90
13.90
13.90
13.90
13.90
13.90
13.90
13.90
13.90
13.90
13.90
13.90
13.90
13.90
13.90
13.90
13.90
13.90
13.90
13.90
13.90
13.90
13.90
13.90
13.90
13.90
13.90
13.90
13.90
13.90
13.90
13.90
13.90
13.90
13.90
13.90
13.90
13.90
13.90
13.90
13.90
13.90
13.90
13.90
13.90
13.90
13.90
13.90
13.90
13.90
13.90
13.90
13.90
13.90
13.90
13.90
13.90
13.90
13.90
13.90
13.90
13.90
13.90
13.90
13.90
13.90
13.90
13.90
13.90
13.90
13.90
13.90
13.90
13.90
13.90
13.90
13.90
13.90
13.90
13.90
13.90
13.90
13.90
13.90
13.90
13.90
13.90
13.90
13.90
13.90
13.90
13.90
13.90
13.90
13.90
13.90
13.90
13.90
13.90
13.90
13.90
13.90
13.90
13.90
13.90
13.90
13.90
13.90
13.90
13.90
13.90
13.90
13.90
13.90
13.90
13.90
13.90
13.90
13.90
13.90
13.90
13.90
13.90
13.90
13.90
13.90
13.90
13.90
13.90
13.90
13.90
13.90
13.90
13.90
13.90
13.90
13.90
13.90
13.90
13.90
13.90
13.90
13.90
13.90
13.90
13.90
13.90
13.90
13.90
13.90
13.90
13.90
13.90
13.90
13.90
13.90
13.90
13.90
13.90
13.90
13.90
13.90
13.90
13.90
13.90
13.90
13.90
13.90
13.90
13.90
13.90
13.90
13.90
13.90
13.90
13.90
13.90
13.90
13.90
13.90
13.90
13.90
13.90
13.90
13.90
13.90
13.90
13.90
13.90
13.90
13.90
13.90
13.90
13.90
13.90
13.90
13.90
13.90
13.90
13.90
13.90
13.90
13.90
13.90
13.90
13.90
13.90
13.90
13.90
13.90
13.90
13.90
13.90
13.90
13.90
13.90
13.90
13.90
13.90
13.90
13.90
13.90
13.90
13.90
13.90
13.90
13.90
13.90
13.90
13.90
13.90
13.90
13.90
13.90
13.90
13.90
13.90
13.90
13.90
13.90
13.90
13.90
13.90
13.90
13.90
13.90
13.90
13.90
13.90
13.90
13.90
13.90
13.90
13.90
13.90
13.90
13.90
13.90
13.90
13.90
13.90
13.90
13.90
13.90
13.90
13.90
13.90
13.90
13.90
13.90
13.90
13.90
13.90
13.90
13.90
13.90
13.90
13.90
13.90
13.90
13.90
13.90
13.90
13.90
13.90
13.90
13.90
13.90
13.90
13.90
13.90
13.90
13.90
13.90
13.90
13.90
13.90
13.90
13.90
13.90
13.90
13.90
13.90
13.90
13.90
13.90
13.90
13.90
13.90
13.90
13.90
13.90
13.90
13.90
13.90
13.90
13.90
13.90
13.90
13.90
13.90
13.90
13.90
13.90
13.90
13.90
13.90
10.00
10.40
18.00
16.50
19.50
20.30
22.90
19.60
17.00
14.00
18.20
13.90
12.10
19.00
17.40
14.80
19.80
20.10
20.20
17.20
14.30
12.80
11.70
12.10
13.70
12.10
10.70
9.50
8.20
8.10
8.50
8.20
7.50
6.30
6.30
6.30
5.90
6.60
7.10
7.30
7.30
7.40
7.40
7.30
7.20
7.10
7.00
7.00
6.80
7.00
7.30
7.80
8.20
8.50
8.80
8.50
7.80
7.30
5.80
5.80
5.80
5.80
5.80
5.50
6.00
6.30
6.60
6.60
6.60
6.70
6.80
6.80
6.90
7.00
7.10
7.20
7.40
7.70
7.90
7.60
6.50
5.10
5.10
5.10
5.10
5.40
6.20
6.70
6.90
7.10
7.10
7.20
7.10
7.00
7.00
6.90
6.80
6.80
6.80
6.80
6.80
6.70
6.70
6.50
6.40
6.40
6.50
7.00
7.50
7.90
8.20
8.30
8.50
8.50
8.50
8.50
8.30
8.20
8.10
8.00
7.90
7.90
7.80
7.60
7.30
7.10
6.80
6.50
6.30
6.10
6.00
6.20
6.60
6.90
7.10
6.70
6.10
5.30
15.40
15.30
15.30
15.30
15.20
15.20
15.20
15.10
15.10
15.10
15.10
15.00
15.00
15.00
14.90
14.90
14.80
14.80
14.80
14.80
14.80
14.80
14.80
14.80
14.80
14.80
14.80
14.80
14.80
14.80
14.70
14.70
14.70
14.70
14.70
14.70
14.70
14.60
14.60
14.50
14.50
14.50
14.50
14.40
14.50
14.50
14.50
14.50
14.50
14.50
14.50
14.40
14.40
14.40
14.40
14.30
14.20
14.20
14.20
14.10
14.10
14.10
14.10
14.00
14.00
14.00
14.00
14.00
14.00
14.00
14.00
14.10
14.10
14.10
14.10
14.10
14.10
14.10
14.10
14.10
14.10
14.10
14.10
14.10
14.10
14.10
14.10
14.10
14.10
14.10
14.10
14.20
14.20
14.20
14.20
14.20
14.20
14.20
14.20
14.20
14.20
14.20
14.20
14.20
14.20
14.20
14.10
14.10
14.10
14.10
14.10
14.10
14.20
14.20
14.20
14.20
14.30
14.30
14.30
14.30
14.30
14.40
14.30
14.30
14.30
14.30
14.30
14.30
14.20
14.20
14.20
14.20
14.20
14.10
14.10
14.10
14.10
14.10
14.10
14.10
14.20
14.20
14.20
14.20
14.10
14.10
14.10
14.00
13.90
13.80
13.70
13.60
13.50
13.40
13.30
13.20
13.10
13.00
12.80
12.80
12.70
12.60
12.60
12.60
12.60
12.50
12.50
12.50
12.50
12.50
12.50
12.50
12.40
12.40
12.40
12.30
12.30
12.30
12.30
12.20
12.20
12.20
12.20
12.10
12.10
12.10
12.10
12.10
12.10
12.10
12.10
12.20
12.20
12.20
12.20
12.20
12.20
12.20
12.20
12.30
12.20
12.20
12.20
12.20
12.20
12.20
12.20
12.20
12.20
12.20
12.20
12.20
12.30
12.30
12.30
12.30
12.40
12.40
12.40
12.40
12.40
12.40
12.40
12.40
12.40
12.40
12.30
12.30
12.30
12.30
12.30
12.30
12.20
12.20
12.20
12.30
12.30
12.30
12.40
12.40
12.40
12.30
12.30
12.30
12.20
12.20
12.20
12.20
12.20
12.10
12.10
12.10
12.20
12.10
12.00
12.00
12.00
12.00
12.00
12.00
12.00
12.00
12.00
12.00
12.00
12.00
12.00
12.00
12.00
12.00
12.00
11.90
11.90
11.90
11.90
11.90
11.90
11.80
11.80
11.80
11.80
11.70
11.70
11.70
11.70
11.70
11.70
11.80
16.20
20.40
18.50
16.10
15.60
14.90
14.60
16.10
15.80
15.30
14.90
14.60
14.40
16.30
17.70
17.40
16.40
15.10
13.90
12.60
11.60
10.90
10.60
10.60
10.70
10.80
10.80
11.00
11.10
11.20
11.30
11.40
11.70
11.90
12.20
12.50
12.70
12.60
11.90
11.90
11.90
11.90
11.90
11.90
11.90
11.90
11.90
11.90
11.90
11.90
11.90
11.90
11.90
11.90
11.90
11.90
11.90
11.90
11.90
11.90
11.90
11.90
11.90
11.90
11.90
11.90
11.90
11.90
11.90
11.90
11.90
11.90
11.90
11.90
11.90
11.90
11.90
11.90
11.90
11.90
11.90
11.90
11.90
11.90
11.90
11.90
11.90
11.90
11.90
11.90
11.90
11.90
11.90
11.90
11.90
11.90
11.90
11.90
11.90
11.90
11.90
11.90
11.90
11.90
11.90
11.90
11.90
11.90
12.30
12.30
12.30
12.10
12.20
12.80
14.00
13.80
13.40
13.10
12.90
12.70
12.60
12.40
12.30
12.20
12.30
12.30
12.30
12.20
12.20
12.20
12.10
12.10
12.10
12.00
12.00
12.00
12.10
12.40
12.90
13.10
13.20
13.20
13.10
13.00
12.70
12.50
12.30
12.20
12.00
11.80
11.70
18.30
16.30
17.90
16.50
15.40
14.50
13.70
13.00
12.20
11.50
10.80
10.20
9.90
10.00
10.10
10.00
10.10
10.00
10.10
10.30
10.50
10.70
11.00
11.40
11.80
12.40
12.80
13.20
13.80
14.20
14.30
14.30
14.20
14.00
13.60
13.30
12.90
12.70
11.80
11.80
11.70
11.70
11.60
11.50
11.40
11.20
11.00
10.90
10.60
10.40
10.10
9.90
9.70
9.40
9.10
8.80
8.50
8.20
7.90
7.90
8.20
11.00
11.20
11.40
11.40
11.50
11.50
11.50
11.50
11.60
11.60
11.60
11.60
11.60
16.70
16.40
16.10
15.70
16.10
18.10
19.00
18.90
18.30
17.70
18.80
19.70
20.20
19.80
19.20
18.60
18.30
18.10
17.90
18.00
18.10
19.90
21.20
22.60
23.00
22.70
21.90
21.10
20.50
20.00
21.10
21.50
21.70
21.30
20.90
20.40
20.00
19.70
19.40
19.20
19.10
18.90
18.70
18.60
20.20
20.70
20.90
21.30
21.00
21.20
21.00
21.00
24.00
23.10
22.30
20.90
20.00
19.20
18.70
18.30
18.00
17.50
17.00
16.50
16.20
15.80
15.50
15.20
14.90
16.80
20.70
18.90
17.80
17.00
16.30
15.70
15.30
14.90
14.50
14.10
13.70
13.50
13.40
13.60
13.80
13.90
13.90
13.90
13.90
14.10
22.50
22.30
19.30
18.40
18.10
17.50
17.00
16.70
16.40
16.10
16.00
19.40
22.20
21.80
19.30
18.40
17.80
17.30
16.90
16.60
16.30
16.10
15.90
15.70
15.70
15.70
15.50
15.30
15.10
15.00
15.00
14.80
14.80
14.80
15.50
15.80
15.80
15.60
15.50
15.40
15.20
15.20
15.10
15.10
19.80
18.90
17.90
17.70
17.70
17.40
17.20
18.60
17.90
23.40
22.10
20.30
19.20
18.50
17.80
17.20
16.50
15.70
15.00
14.20
13.60
13.60
13.80
14.00
14.20
14.40
14.40
14.40
14.30
14.30
14.30
14.40
14.80
18.90
18.80
20.50
20.50
19.70
18.80
18.10
17.60
17.00
16.40
15.80
15.20
14.80
14.70
14.50
14.40
14.50
14.50
14.50
14.50
14.50
14.50
14.50
14.40
14.50
14.50
14.50
14.40
14.40
14.30
14.10
14.00
13.70
13.40
13.30
13.20
13.10
13.00
13.20
13.30
13.50
13.50
14.90
15.00
15.90
15.80
20.70
19.40
18.70
17.80
19.10
18.30
18.10
17.50
17.40
17.10
17.00
16.70
16.60
16.30
15.90
15.90
15.80
15.90
15.80
15.70
15.70
15.50
15.40
15.30
15.30
15.30
15.40
15.50
15.60
15.80
15.90
15.80
15.40
14.70
13.60
10.70
10.80
11.80
12.50
13.00
13.30
13.60
13.60
13.80
13.80
13.70
13.80
13.70
13.70
13.70
13.60
13.60
13.60
13.60
13.70
13.50
13.40
13.20
13.10
12.90
14.00
14.40
14.70
14.80
14.70
14.60
14.40
12.90
13.00
13.20
13.00
13.10
12.70
12.80
12.60
12.70
12.50
12.30
12.20
12.10
12.40
12.00
11.80
11.40
12.60
13.20
13.40
13.60
13.30
12.80
12.10
11.60
11.60
11.60
11.60
11.60
11.60
11.60
11.60
11.60
11.60
11.60
11.60
11.60
11.60
11.60
11.60
11.60
11.60
11.60
11.60
11.60
11.60
11.60
11.60
11.60
11.60
11.60
11.60
11.60
11.60
11.60
11.60
11.60
11.60
11.60
11.60
11.60
11.60
11.60
11.60
11.60
11.60
11.60
11.60
11.60
11.60
11.60
11.60
11.60
11.60
11.60
11.60
11.60
11.60
11.60
11.60
11.60
11.60
11.60
11.60
11.60
11.60
11.60
11.60
11.60
11.60
11.60
11.60
11.60
11.60
11.60
11.60
11.60
11.60
11.60
11.60
11.60
11.60
11.60
11.60
11.60
11.60
11.60
11.60
11.60
11.60
11.60
11.60
11.60
11.60
11.60
11.60
11.60
11.60
11.60
11.60
11.60
11.60
11.60
11.60
11.60
11.60
11.60
11.60
11.60
11.60
11.60
11.60
11.60
11.60
11.60
11.60
11.60
11.60
11.60
11.60
11.60
11.40
11.50
11.50
11.50
11.40
11.40
11.40
11.40
11.30
11.30
11.30
11.30
11.30
11.30
11.30
11.10
11.10
11.00
11.20
11.30
11.50
11.70
12.00
12.30
12.50
12.50
12.50
12.40
12.30
12.20
12.10
12.10
12.00
11.90
11.80
11.70
11.60
11.50
11.40
11.30
11.10
11.20
11.30
11.40
12.30
13.00
13.30
13.40
13.30
13.10
12.90
12.70
12.50
12.30
12.10
11.90
11.80
11.50
11.40
11.20
11.10
10.90
10.90
10.90
10.90
10.90
11.20
11.80
12.50
12.90
13.10
13.10
13.00
12.80
12.60
12.40
12.10
11.90
11.80
11.70
11.60
11.50
11.40
11.20
11.10
10.90
10.70
10.50
10.20
10.10
10.00
10.00
10.10
10.30
10.40
10.70
10.70
10.70
10.60
10.50
10.30
10.20
10.10
9.80
9.70
9.60
9.40
11.00
13.70
13.90
14.40
14.70
15.00
15.20
15.50
15.70
15.80
15.80
15.50
15.30
15.40
15.70
16.30
16.80
17.20
17.50
17.80
18.00
18.20
18.40
18.60
18.80
19.10
19.30
19.50
19.60
19.60
19.50
19.30
19.20
19.10
19.10
19.00
19.00
19.00
19.10
19.10
19.10
19.10
19.10
19.10
19.00
18.80
18.70
18.70
18.60
18.50
18.30
18.20
18.00
17.80
17.60
17.40
17.20
17.00
16.80
16.50
16.30
16.20
16.00
15.70
15.30
15.00
14.50
14.10
13.80
13.50
13.00
12.60
12.20
11.80
11.40
11.00
10.60
10.40
10.00
9.90
9.90
9.70
9.90
10.50
11.10
11.40
11.70
11.70
11.80
11.80
11.80
11.70
11.70
11.60
11.60
11.70
12.00
12.40
12.80
13.20
13.60
13.90
14.20
14.60
15.20
15.70
16.10
16.20
16.20
16.30
16.30
16.40
16.50
16.80
17.00
17.30
17.50
17.80
18.20
18.60
18.80
19.20
19.30
19.40
19.50
19.60
19.60
19.50
18.90
18.60
18.40
18.30
18.20
18.30
18.50
18.70
19.00
19.30
19.40
19.60
19.80
19.90
20.10
20.20
20.40
20.50
20.60
20.80
20.80
20.80
20.60
20.40
19.70
19.30
19.10
19.10
19.10
19.00
19.10
19.20
19.20
19.20
19.20
19.20
19.10
19.10
19.00
19.10
19.10
19.00
19.00
18.90
18.90
18.70
18.30
17.70
16.50
15.80
15.40
15.00
14.60
14.30
14.00
13.70
13.50
13.10
12.80
12.40
12.10
11.80
11.40
11.10
10.80
10.70
10.50
10.40
10.20
9.90
9.40
8.90
8.00
7.30
7.20
7.40
7.90
8.60
9.30
9.80
10.10
10.20
10.10
10.00
9.90
9.70
11.60
12.20
12.50
12.50
12.30
12.20
12.10
11.80
11.60
11.40
11.50
12.20
13.20
13.10
12.90
12.80
12.60
12.50
12.50
12.40
12.40
12.30
12.20
12.10
12.00
11.90
11.80
11.80
11.70
11.70
11.50
11.30
10.90
10.60
10.70
10.80
11.20
11.70
12.00
12.20
12.30
12.50
12.50
12.50
12.50
12.50
12.50
12.50
12.50
12.50
12.40
12.40
12.40
12.40
12.30
12.20
12.10
12.20
12.20
12.40
12.70
12.80
13.10
13.20
13.70
15.50
16.20
17.10
18.50
19.30
19.80
20.10
20.30
20.50
20.70
21.00
21.20
21.30
21.50
21.70
21.80
21.80
21.60
21.40
21.40
21.20
21.00
20.90
21.00
20.90
21.10
21.20
21.50
21.60
21.70
21.80
21.90
22.10
22.20
22.30
22.40
22.50
22.50
22.50
22.30
22.20
21.30
20.90
20.90
20.90
20.90
20.90
20.90
20.90
20.90
20.90
20.90