20110101
20111231
18.90
19.30
19.50
19.70
19.90
20.10
20.30
20.40
20.50
20.50
20.30
20.20
19.90
19.50
19.00
18.50
18.10
18.00
18.00
18.10
18.20
18.30
18.40
18.50
18.60
18.90
19.10
18.60
18.10
17.90
18.00
18.00
18.20
18.30
18.30
18.00
17.80
17.80
17.80
17.90
17.90
17.80
17.80
17.70
17.70
17.90
18.00
18.00
18.10
18.10
18.20
18.40
18.20
16.90
16.50
16.40
16.70
16.90
17.00
17.30
18.00
19.20
20.40
20.70
20.80
20.90
21.00
21.10
21.10
21.10
21.10
21.10
21.20
21.30
21.00
21.10
23.10
28.80
29.10
28.70
28.60
28.70
28.60
28.50
28.40
28.10
28.10
28.80
28.90
28.90
28.80
28.80
28.70
28.60
28.50
28.50
28.40
28.40
28.30
28.20
28.20
28.20
28.10
28.10
28.20
28.10
28.00
27.90
27.90
27.80
27.70
27.50
27.40
27.20
27.10
26.90
26.80
26.60
26.40
26.30
26.10
26.00
25.90
26.00
26.00
26.30
26.50
26.90
27.40
27.70
28.00
28.30
28.30
28.60
28.70
28.60
28.40
28.20
27.90
27.80
27.70
27.90
28.10
28.30
28.60
28.80
29.00
29.10
29.20
29.30
29.40
29.40
29.40
29.30
29.30
29.30
29.20
29.00
28.80
28.60
28.20
27.80
27.60
27.60
27.70
27.80
27.90
28.00
28.10
28.10
28.20
28.20
28.20
28.30
28.30
28.30
28.40
28.40
28.30
28.20
28.00
27.70
27.40
27.00
26.60
26.20
25.90
25.60
25.40
25.30
25.20
25.10
25.00
24.80
24.70
24.60
24.40
24.30
24.20
24.10
23.90
23.90
23.90
23.20
22.80
22.80
22.80
23.00
23.10
23.40
23.70
24.10
24.60
25.00
25.30
25.60
25.80
26.10
26.30
26.40
26.50
26.60
26.70
26.70
26.80
26.80
26.80
26.50
26.00
25.40
24.80
24.30
23.90
23.40
22.80
22.30
22.00
22.00
22.10
22.30
22.50
22.70
22.90
23.10
23.40
23.70
23.90
24.30
24.50
24.90
25.20
25.60
25.90
26.10
26.40
26.50
26.70
26.80
26.80
26.70
26.80
26.80
26.90
27.00
26.90
27.00
27.10
27.10
27.20
27.20
27.30
27.30
27.30
27.30
27.20
27.10
27.10
26.80
26.50
26.20
26.00
25.90
25.70
25.70
25.70
25.70
25.70
25.80
25.80
25.80
25.70
25.70
25.60
25.60
25.50
25.40
25.30
25.20
25.10
24.80
24.50
24.00
23.50
23.00
22.50
22.10
21.70
21.40
21.30
21.30
21.20
21.20
21.10
21.10
21.20
21.40
21.60
21.80
21.90
22.00
22.00
22.00
21.60
20.90
20.00
18.90
17.90
17.10
16.20
14.70
14.60
14.50
14.40
14.30
14.20
14.10
14.00
13.90
13.80
13.70
13.60
13.50
13.40
13.30
13.30
13.30
13.30
13.30
13.30
13.30
13.30
13.30
13.30
13.30
13.30
13.30
13.40
14.80
15.20
15.50
17.40
19.50
20.60
21.70
22.50
23.10
23.60
24.00
24.20
24.50
24.40
24.30
24.20
23.90
23.50
23.10
22.70
22.50
22.30
22.30
22.30
22.40
22.50
22.60
22.70
22.90
23.00
23.10
23.30
23.30
23.50
23.60
23.70
23.70
23.50
23.30
22.90
22.50
22.00
21.50
21.00
20.60
20.30
20.20
20.20
20.30
20.50
20.60
20.80
20.90
21.00
20.90
20.90
20.90
20.90
20.90
20.90
20.90
20.60
20.20
19.70
19.30
18.50
17.60
16.80
16.20
15.80
15.80
15.60
15.40
15.20
15.10
15.20
15.30
14.50
14.90
15.40
16.10
16.50
16.40
15.40
15.40
16.50
15.50
14.40
14.40
14.40
14.40
14.40
14.40
14.40
14.40
14.40
14.40
14.40
14.40
14.40
14.40
14.40
14.40
14.40
14.40
14.40
14.40
14.40
14.40
14.40
14.40
14.40
14.40
14.40
14.40
14.40
14.40
14.40
14.40
14.40
14.40
14.70
14.40
15.70
17.00
16.30
16.60
17.50
18.10
18.80
19.40
19.80
20.00
20.00
19.90
19.50
19.00
18.30
17.50
17.00
16.50
16.00
15.90
15.80
16.00
16.40
16.80
17.30
17.90
18.50
19.20
19.70
20.10
20.50
20.80
20.70
20.70
20.90
20.80
20.70
20.50
20.40
20.10
19.80
19.50
19.20
18.90
18.60
18.30
18.10
17.00
16.30
14.70
13.50
13.50
13.50
13.50
13.50
13.50
13.50
13.50
13.50
13.50
13.50
13.50
13.50
13.50
13.50
13.50
13.50
13.50
13.50
13.50
13.50
13.50
13.50
13.50
13.50
13.50
13.50
13.50
14.30
15.60
15.20
15.10
15.90
16.30
16.60
16.80
16.80
16.80
16.80
16.80
16.80
16.70
16.80
16.90
17.00
17.00
17.20
17.40
17.50
17.70
17.80
17.90
18.00
17.70
17.60
17.50
17.30
17.20
17.00
16.80
16.40
16.20
16.00
15.60
15.40
15.20
15.10
15.10
15.00
15.00
14.80
14.80
14.80
14.80
14.70
15.00
15.10
15.10
15.00
13.80
13.40
13.20
13.80
14.20
14.20
14.20
14.20
14.20
14.20
14.20
14.20
14.20
14.20
14.20
14.20
14.20
14.20
14.20
14.20
14.20
14.20
14.20
14.20
14.20
14.20
14.20
14.20
14.20
14.20
14.20
14.20
14.20
14.20
14.20
14.20
14.20
14.20
14.20
14.20
14.20
14.20
14.20
14.20
14.20
14.20
14.20
14.20
14.20
14.20
14.20
14.20
14.20
14.20
14.20
14.20
14.20
14.20
14.20
14.20
14.20
14.20
14.20
14.20
14.20
14.20
14.20
14.20
15.30
16.30
17.10
17.80
18.30
18.40
18.40
18.10
17.60
17.10
16.50
15.40
14.70
14.30
14.00
13.90
14.20
14.60
15.20
15.80
16.50
17.10
17.70
18.10
18.60
18.80
19.10
19.30
19.40
19.10
17.00
15.60
14.10
14.10
14.10
14.10
14.10
14.10
13.80
14.20
14.60
14.90
15.20
15.50
15.70
15.50
15.60
15.70
16.00
16.10
16.20
16.40
16.50
16.30
16.10
15.50
14.80
13.80
13.00
12.30
12.31
12.32
12.33
12.34
12.35
12.36
12.37
12.38
12.39
12.40
12.41
12.42
12.43
12.44
12.45
12.46
12.47
12.48
12.49
12.50
12.51
12.52
12.53
12.54
12.55
12.56
12.57
12.58
12.59
12.60
12.61
12.62
12.63
12.64
12.65
12.66
12.67
12.68
12.69
12.70
12.71
12.72
12.73
12.74
12.75
12.76
12.77
12.78
12.79
12.80
12.81
12.82
12.83
12.84
12.85
12.86
12.87
12.88
12.89
12.90
12.91
12.92
12.93
12.94
12.95
12.96
12.97
12.98
12.99
13.00
13.01
13.02
13.03
13.04
13.05
13.06
13.07
13.08
13.09
13.10
13.11
13.12
13.13
13.14
13.15
13.16
13.17
13.18
13.19
13.20
13.21
13.22
13.23
13.24
13.25
13.26
13.27
13.28
13.29
13.30
13.31
13.32
13.33
13.34
13.35
13.36
13.37
13.38
13.39
13.40
13.41
13.42
13.43
13.44
13.45
13.46
13.47
13.48
13.49
13.50
13.51
13.52
13.53
13.54
13.55
13.56
13.57
13.58
13.59
13.60
13.61
13.62
13.63
13.64
13.65
13.66
13.67
13.68
13.69
13.70
13.71
13.72
13.73
13.74
13.75
13.76
13.77
13.78
13.79
13.80
13.81
13.82
13.83
13.84
13.85
13.86
13.87
13.88
13.89
13.90
13.91
13.92
13.93
13.94
13.95
13.96
13.97
13.98
13.99
14.00
14.01
14.02
14.03
14.04
14.05
14.06
14.07
14.08
14.09
14.10
14.11
14.12
14.13
14.14
14.15
14.16
14.17
14.18
14.19
14.20
14.21
14.22
14.23
14.24
14.25
14.26
14.27
14.28
14.29
14.30
14.31
14.32
14.33
14.34
14.35
14.36
14.37
14.38
14.30
14.30
14.30
14.80
15.30
16.10
17.20
18.40
19.50
20.00
20.50
20.80
21.00
21.10
21.10
21.10
21.20
21.30
21.20
21.00
20.90
20.70
20.40
20.10
19.70
19.00
18.60
18.80
20.20
21.50
22.90
23.80
24.50
24.90
25.20
24.90
24.90
24.80
24.90
24.70
24.20
23.60
23.00
22.50
21.60
20.50
19.30
18.90
19.40
19.80
20.10
20.30
20.10
19.80
19.50
19.50
19.40
19.20
20.40
21.50
22.50
23.70
24.40
25.20
25.60
25.70
25.30
25.20
25.70
25.20
24.10
23.80
23.60
23.40
23.40
23.40
23.30
23.30
23.20
23.30
23.30
23.20
23.20
23.20
23.20
23.10
23.00
22.90
22.80
22.80
27.50
26.50
26.20
26.40
26.50
29.70
34.60
38.40
37.20
37.80
38.70
38.40
37.10
36.40
35.90
35.60
35.40
35.10
35.00
34.90
34.80
34.70
34.60
34.40
34.30
34.20
34.10
34.00
33.90
33.90
33.80
33.70
33.70
33.60
33.60
33.50
33.50
33.40
33.30
33.20
33.20
33.10
33.10
33.10
33.10
33.10
33.10
33.20
33.40
33.40
33.40
33.40
33.40
33.40
33.70
36.10
38.40
36.90
36.20
35.80
35.60
35.60
36.10
35.90
35.70
35.50
35.30
35.20
35.00
34.90
34.80
34.80
35.70
35.60
35.40
35.30
35.40
35.30
35.20
35.10
35.00
34.90
34.80
34.70
34.60
34.60
34.60
34.50
34.50
34.40
34.40
34.30
34.30
34.30
34.30
34.20
34.20
34.20
34.20
34.10
34.00
34.00
34.00
33.90
33.90
33.80
33.70
33.60
33.50
33.40
33.20
33.00
32.80
32.70
32.60
32.40
32.40
32.30
32.30
32.20
32.20
32.30
32.40
32.50
32.50
32.60
32.60
32.60
32.60
32.60
32.60
32.70
32.70
32.70
32.80
32.90
32.90
33.00
33.00
33.10
33.20
33.20
33.30
33.30
33.40
33.50
33.80
33.90
34.00
37.80
37.50
36.70
36.10
35.80
35.50
35.20
35.00
34.70
34.50
34.40
34.20
34.10
33.90
33.80
33.70
33.60
33.50
33.40
33.30
33.20
33.20
33.20
33.20
33.20
33.20
33.10
33.00
32.80
32.60
32.20
31.40
30.90
30.40
30.00
29.60
29.30
29.00
28.90
28.80
28.70
28.50
28.40
28.40
28.20
27.60
27.30
27.40
27.60
27.30
27.20
27.00
26.90
26.70
26.50
26.20
26.20
26.00
26.30
26.20
26.10
26.00
25.90
25.80
25.50
25.50
25.60
25.60
25.30
25.20
25.10
24.90
24.80
24.70
24.50
24.40
24.30
24.20
23.50
23.20
23.20
22.50
22.50
21.70
21.40
21.30
21.10
21.00
20.60
20.50
20.30
19.90
20.00
19.70
19.00
19.00
19.00
19.00
19.00
19.00
19.00
19.00
19.00
19.00
19.00
19.00
19.00
19.00
19.00
19.00
19.00
19.00
19.00
19.00
19.00
19.00
19.00
19.00
19.00
19.00
19.00
19.00
19.00
19.00
19.00
19.00
19.00
19.80
22.20
22.60
24.00
24.60
24.90
25.10
25.20
25.40
25.50
25.50
25.60
25.30
25.20
25.50
25.70
25.50
25.50
25.30
25.20
25.20
25.20
25.10
25.10
25.10
25.00
25.00
25.00
24.90
24.90
24.90
24.80
24.80
24.80
24.70
24.70
24.70
24.60
24.60
24.60
24.60
24.50
24.50
24.50
24.40
24.40
24.40
24.30
24.30
24.30
24.30
24.20
24.20
24.20
24.10
24.10
24.10
24.10
24.00
24.00
24.00
24.00
23.90
23.90
23.90
23.90
23.80
23.80
23.80
23.80
23.70
23.70
23.70
23.70
23.60
23.60
23.60
23.60
23.50
23.50
23.50
23.50
23.50
23.40
23.40
23.40
23.40
23.40
23.30
23.30
23.30
23.30
23.30
23.20
23.20
23.20
23.20
23.20
23.20
23.10
23.10
23.10
23.10
23.10
23.10
23.00
23.00
23.00
23.00
23.00
23.00
23.00
22.90
22.90
22.90
22.90
22.90
22.90
22.90
22.80
22.80
22.80
22.80
22.80
22.80
22.80
22.80
22.80
22.70
22.70
22.70
22.70
22.70
22.70
22.70
22.70
22.70
22.70
22.60
22.60
22.60
22.60
22.60
22.60
22.60
22.60
22.60
22.60
22.60
22.60
22.60
22.60
22.50
22.50
22.50
22.50
22.50
22.50
22.50
22.50
22.50
22.50
22.50
22.50
22.50
22.50
22.50
22.50
22.50
22.50
22.50
22.50
22.50
22.50
22.50
22.50
22.50
22.50
22.50
22.50
22.50
22.50
22.50
22.50
22.50
22.50
22.50
22.50
22.50
22.50
22.50
22.50
22.50
22.50
22.50
22.50
22.50
22.50
22.50
22.50
22.50
22.50
22.50
22.50
22.50
22.50
22.50
22.50
22.50
22.50
22.50
22.60
22.60
22.60
22.60
22.60
22.60
22.60
22.60
22.60
22.60
22.60
22.60
22.60
22.60
22.70
22.70
22.70
22.70
22.70
22.70
22.70
22.70
22.70
22.70
22.80
22.80
22.80
22.80
22.80
22.80
22.80
22.80
22.90
22.90
22.90
22.90
22.90
22.90
22.90
23.00
23.00
23.00
23.00
23.00
23.00
23.10
23.10
23.10
23.10
23.10
23.10
23.20
23.20
23.20
23.20
23.30
23.30
23.30
23.30
23.30
23.40
23.40
23.40
23.40
23.50
23.50
23.50
23.50
23.60
23.60
23.60
23.60
23.70
23.70
23.70
23.80
23.80
23.80
23.80
23.90
23.90
23.90
24.00
24.00
24.00
24.10
24.10
24.10
24.20
24.20
24.20
24.30
24.30
24.30
24.40
24.40
24.50
24.50
24.50
24.60
24.60
24.70
24.70
24.70
24.80
24.80
24.90
24.90
25.00
25.00
25.00
25.10
25.10
25.20
25.20
25.30
25.30
25.40
25.40
25.50
25.50
25.60
25.60
25.70
25.70
25.80
25.80
25.90
25.90
26.00
26.00
26.10
26.10
26.20
26.20
26.30
26.40
26.40
26.50
26.50
26.60
26.60
26.70
26.70
26.80
26.90
26.90
27.00
27.00
27.10
27.10
27.20
27.20
27.30
27.40
27.40
27.50
27.50
27.60
27.60
27.70
27.80
27.80
27.90
27.90
28.00
28.00
28.10
28.10
28.20
28.20
28.30
28.40
28.40
28.50
28.50
28.60
28.60
28.70
28.70
28.80
28.80
28.90
28.90
29.00
29.00
29.10
29.10
29.20
29.20
29.30
29.30
29.40
29.40
29.50
29.50
29.50
29.60
29.60
29.70
29.70
29.80
29.80
29.80
29.90
29.90
30.00
30.00
30.00
30.10
30.10
30.10
30.20
30.20
30.20
30.30
30.30
30.30
30.40
30.40
30.40
30.40
30.50
30.50
30.50
30.50
30.60
30.60
30.60
30.60
30.60
30.70
30.70
30.70
30.70
30.70
30.70
30.70
30.80
30.80
30.80
30.80
30.80
30.80
30.80
30.80
30.80
30.80
30.80
30.80
30.80
30.80
30.80
30.80
30.80
30.80
30.80
30.80
30.80
30.80
30.80
30.80
30.80
30.80
30.80
30.80
30.80
30.80
30.80
30.80
30.70
30.70
30.70
30.70
30.70
30.70
30.70
30.70
30.70
30.70
30.60
30.60
30.60
30.60
30.60
30.60
30.60
30.60
30.50
30.50
30.50
30.50
30.50
30.50
30.50
30.50
30.40
30.40
30.40
30.40
30.40
30.40
30.40
30.40
30.30
30.30
30.30
30.30
30.30
30.30
30.30
30.30
30.30
30.20
30.20
30.20
30.20
30.20
30.20
30.20
30.20
30.20
30.20
30.20
30.10
30.10
30.10
30.10
30.10
30.10
30.10
30.10
30.10
30.10
30.10
30.10
30.10
30.10
30.10
30.10
30.10
30.10
30.10
30.10
30.10
30.10
30.10
30.10
30.20
30.20
30.20
30.20
30.20
30.20
30.20
30.20
30.20
30.30
30.30
30.30
30.30
30.30
30.40
30.40
30.40
30.40
30.40
30.50
30.50
30.50
30.50
30.50
30.60
30.60
30.60
30.60
30.70
30.70
30.70
30.80
30.80
30.80
30.80
30.90
30.90
30.90
31.00
31.00
31.00
31.00
31.10
31.10
31.10
31.20
31.20
31.20
31.30
31.30
31.30
31.40
31.40
31.40
31.50
31.50
31.50
31.50
31.60
31.60
31.60
31.70
31.70
31.70
31.80
31.80
31.80
31.80
31.90
31.90
31.90
32.00
32.00
32.00
32.00
32.10
32.10
32.10
32.20
32.20
32.20
32.20
32.30
32.30
32.30
32.30
32.30
32.40
32.40
32.40
32.40
32.40
32.50
32.50
32.50
32.50
32.50
32.50
32.60
32.60
32.60
32.60
32.60
32.60
32.60
32.60
32.60
32.60
32.70
32.70
32.70
32.70
32.70
32.70
32.70
32.70
32.70
32.70
32.70
32.70
32.60
32.60
32.60
32.60
32.60
32.60
32.60
32.60
32.50
32.50
32.50
32.50
32.50
32.50
32.40
32.40
32.40
32.40
32.30
32.30
32.30
32.30
32.20
32.20
32.20
32.10
32.10
32.10
32.00
32.00
32.00
31.90
31.90
31.80
31.80
31.80
31.70
31.70
31.60
31.60
31.60
31.50
31.50
31.40
31.40
31.30
31.30
31.30
31.20
31.20
31.10
31.10
31.00
31.00
30.90
30.90
30.80
30.80
30.70
30.70
30.60
30.60
30.50
30.50
30.40
30.40
30.30
30.30
30.20
30.20
30.10
30.10
30.00
30.00
29.90
29.90
29.80
29.80
29.70
29.60
29.60
29.50
29.50
29.40
29.40
29.30
29.30
29.20
29.20
29.10
29.10
29.00
29.00
28.90
28.90
28.80
28.80
28.70
28.70
28.60
28.60
28.60
28.50
28.50
28.40
28.40
28.30
28.30
28.20
28.20
28.20
28.10
28.10
28.00
28.00
28.00
27.90
27.90
27.80
27.80
27.80
27.70
27.70
27.70
27.60
27.60
27.60
27.50
27.50
27.50
27.50
27.40
27.40
27.40
27.40
27.30
27.30
27.30
27.30
27.20
27.20
27.20
27.20
27.20
27.10
27.10
27.10
27.10
27.10
27.00
27.00
27.00
27.00
27.00
27.00
27.00
26.90
26.90
26.90
26.90
26.90
26.90
26.90
26.90
26.90
26.90
26.80
26.80
26.80
26.80
26.80
26.50
26.50
26.50
26.50
26.50
26.50
26.50
26.50
26.50
26.50
26.80
26.80
26.70
26.50
26.30
26.60
26.50
26.40
26.30
26.20
26.30
26.30
26.30
26.50
26.50
26.60
26.40
26.40
26.40
26.70
26.60
26.40
26.40
26.70
26.50
26.40
26.20
26.20
26.40
26.00
26.10
26.10
26.00
26.20
26.00
26.20
26.00
26.00
26.20
26.30
26.30
26.30
26.00
26.20
26.40
26.30
26.10
26.20
26.00
26.30
25.90
26.20
25.90
26.10
26.00
25.80
26.00
26.10
25.80
26.00
25.90
25.80
25.70
25.90
26.00
25.90
25.80
26.10
25.80
26.00
25.80
25.90
25.80
25.70
25.80
25.90
25.90
26.00
25.90
25.90
25.90
25.90
25.60
25.70
25.90
25.70
25.70
25.70
25.70
25.90
25.80
25.70
25.80
25.80
25.70
25.80
25.90
25.60
25.60
25.80
25.60
25.50
25.60
25.50
25.70
25.40
25.70
25.60
25.60
25.40
25.70
25.40
25.70
25.70
25.70
25.70
25.50
25.70
25.70
25.50
25.60
25.60
25.40
25.30
25.50
25.50
25.40
25.10
25.10
25.40
25.40
25.10
25.50
25.40
25.30
25.10
25.20
25.10
25.10
25.20
25.20
25.20
25.40
25.30
25.40
25.20
25.10
25.20
25.00
24.70
24.90
25.00
25.00
24.70
24.70
24.90
25.00
24.70
24.90
24.90
24.70
25.00
25.00
24.80
24.60
24.90
25.00
24.80
25.00
24.80
24.60
24.70
24.90
24.80
24.50
24.70
24.80
24.70
24.80
24.80
24.50
24.40
24.40
24.80
24.50
24.40
24.70
24.70
24.80
24.80
24.70
24.70
24.30
24.30
24.40
24.20
24.10
24.30
24.20
24.30
24.20
24.20
24.20
24.30
23.90
24.00
24.00
24.20
24.00
24.30
24.10
24.30
24.00
24.30
23.90
24.00
24.00
24.10
24.00
23.70
23.70
23.60
23.90
23.60
23.50
23.40
23.70
23.60
23.60
23.80
23.50
23.50
23.70
23.50
23.60
23.50
23.60
23.60
23.40
23.40
23.70
23.60
23.30
23.10
23.30
23.20
23.00
23.00
23.00
23.00
23.20
23.20
22.90
23.20
22.80
22.90
23.20
22.90
23.00
23.10
23.20
22.90
22.90
23.20
23.10
23.00
23.00
23.00
23.00
23.00
23.00
23.10
23.10
22.90
23.00
22.80
23.10
22.90
22.90
22.80
22.80
22.80
22.90
23.00
22.80
23.10
23.10
23.00
23.00
22.70
22.80
22.60
22.50
22.50
22.60
22.70
22.50
22.70
22.40
22.60
22.40
22.70
22.70
22.60
22.70
22.70
22.60
22.40
22.40
22.60
22.50
22.60
22.60
22.30
22.40
22.00
22.10
22.00
22.00
22.10
22.10
21.90
22.20
21.90
22.20
22.20
22.10
22.10
22.00
22.10
22.20
22.20
22.00
22.10
22.00
22.10
22.00
21.90
21.80
21.80
21.60
21.70
21.60
21.50
21.70
21.70
21.70
21.80
21.60
21.50
21.80
21.50
21.60
21.50
21.70
21.80
21.60
21.80
21.50
21.70
21.60
21.50
21.40
21.40
21.40
21.50
21.60
21.30
21.60
21.30
21.40
21.50
21.40
21.40
21.40
21.40
21.50
21.50
21.40
21.40
21.40
21.60
21.40
21.50
21.30
23.00
22.80
23.20
24.00
24.90
25.50
29.10
30.50
30.90
31.20
31.20
31.30
31.20
31.10
31.10
31.10
31.10
31.30
31.00
31.00
31.20
31.00
31.00
30.80
30.90
30.70
30.60
30.50
30.50
30.70
30.50
30.60
30.40
30.50
30.60
30.60
30.50
30.40
30.60
30.60
30.40
30.40
30.60
30.50
30.30
30.30
30.10
30.00
30.10
29.80
29.80
29.70
29.70
29.60
29.60
29.40
29.60
29.50
29.40
29.40
29.50
29.50
29.40
29.30
29.30
29.50
29.50
29.30
29.30
29.40
29.20
29.10
29.00
29.00
28.90
28.70
28.60
28.50
28.50
28.50
28.40
28.50
28.40
28.50
28.40
28.60
28.40
28.50
28.50
28.50
28.40
28.40
28.50
28.40
28.30
28.30
28.40
28.20
28.10
28.10
28.10
27.80
27.80
27.80
27.80
27.80
27.80
27.70
27.90
27.80
27.80
27.70
27.90
27.80
27.70
27.70
27.80
27.60
27.70
27.60
27.40
27.40
27.20
27.10
27.20
27.20
27.40
27.60
27.50
27.50
27.60
27.70
27.70
27.80
27.70
27.70
27.70
27.70
27.60
27.80
27.70
27.80
27.70
27.70
27.60
27.60
27.50
27.30
27.30
27.30
27.20
27.10
27.20
27.10
27.10
27.30
27.20
27.10
27.20
27.20
27.30
27.20
27.30
27.10
27.30
27.20
27.20
27.00
26.90
26.60
26.50
26.40
26.30
26.20
26.30
26.30
26.10
26.10
26.20
26.10
26.20
26.20
26.00
26.10
26.00
25.90
26.00
26.00
26.00
25.90
25.80
25.60
25.50
25.40
25.20
25.10
25.10
25.00
24.80
24.90
24.80
24.80
24.70
24.70
24.60
24.70
24.70
24.60
24.60
24.60
24.70
24.70
24.60
24.40
24.40
24.40
24.10
23.90
23.80
23.80
23.70
23.60
23.50
23.50
23.40
23.40
23.50
23.40
23.50
23.50
23.50
23.40
23.40
23.40
23.30
23.40
23.30
23.40
23.10
23.00
22.90
22.80
22.80
22.70
22.60
22.50
22.50
22.40
22.40
22.30
22.40
22.40
22.30
22.40
22.20
22.20
22.30
22.20
22.30
22.20
22.30
22.20
22.20
22.10
22.00
22.00
21.80
21.70
21.80
21.70
21.70
21.70
21.60
21.70
21.70
21.60
21.70
21.70
21.60
21.70
21.70
21.60
21.60
21.50
21.50
21.80
21.90
22.00
22.00
21.90
22.00
21.90
21.90
25.90
28.60
31.70
31.40
30.70
30.80
30.70
30.60
30.40
30.10
30.00
29.80
29.70
29.60
29.50
29.40
29.40
29.40
29.40
29.10
29.10
28.90
29.00
28.90
28.70
28.70
28.70
28.60
28.60
28.70
28.60
28.60
28.50
28.50
28.40
28.40
28.40
28.50
28.40
28.30
28.30
28.30
28.40
28.30
28.40
28.30
28.20
28.10
28.10
28.20
28.20
28.20
28.10
28.20
28.10
28.10
28.10
28.10
28.10
28.00
28.00
28.10
28.10
28.00
28.10
27.90
28.00
27.80
27.80
27.70
27.60
27.60
27.60
27.50
30.30
30.10
30.10
30.00
29.90
29.80
29.80
29.70
29.60
29.40
29.40
29.40
29.40
29.40
29.40
29.40
29.30
29.10
36.90
36.00
34.50
34.00
33.60
33.60
33.60
33.40
33.30
33.20
33.00
32.90
33.00
32.90
32.80
32.60
32.80
32.50
32.60
32.60
32.70
32.40
32.30
32.50
32.50
32.20
32.50
32.20
32.20
33.50
33.10
33.40
33.20
33.30
33.00
33.10
32.90
32.90
32.70
32.60
32.90
32.60
32.50
32.50
32.50
32.40
32.60
32.60
32.40
32.60
32.50
32.40
32.20
32.30
32.30
32.30
32.40
32.10
32.30
32.30
32.20
32.10
32.10
32.10
32.10
32.10
32.20
32.40
32.10
32.10
32.00
32.20
32.30
32.30
32.30
32.30
32.50
32.50
32.60
32.30
32.50
32.20
32.20
32.40
32.30
32.20
32.20
32.10
32.20
32.10
32.10
32.30
32.10
32.20
32.00
32.20
32.00
32.00
31.90
48.20
41.30
39.90
44.60
40.90
39.10
38.20
37.80
37.40
37.10
37.10
36.90
36.60
36.30
36.10
36.30
35.90
36.10
35.70
35.90
35.80
35.60
35.40
35.50
35.30
35.30
35.20
35.20
35.00
35.10
34.90
35.10
34.80
34.90
34.70
34.70
34.70
34.70
34.70
34.50
34.60
34.80
34.60
34.50
34.40
34.30
34.40
34.20
34.30
34.10
34.00
34.10
34.00
34.20
34.20
33.90
34.10
34.10
33.90
33.80
33.80
33.80
34.10
33.80
33.90
33.60
33.90
33.80
33.70
33.70
33.50
33.30
33.40
33.40
34.70
35.40
35.00
35.00
34.90
34.70
34.60
34.70
34.50
34.70
34.70
34.60
34.60
34.50
34.50
34.30
34.50
34.40
34.10
34.00
34.00
34.00
33.80
33.90
33.90
33.90
33.90
33.70
33.90
33.70
33.80
33.80
33.70
33.60
33.70
33.70
33.60
33.70
33.60
33.70
33.60
33.50
33.60
33.40
33.30
33.50
33.30
40.00
37.20
36.20
35.60
35.40
35.10
35.10
35.00
34.90
34.80
34.70
34.60
34.70
34.70
34.60
34.40
34.40
34.40
34.50
34.50
34.40
34.50
34.50
34.40
34.10
34.10
34.20
34.20
34.00
34.30
34.20
34.40
34.30
34.30
34.10
34.10
33.90
34.20
33.90
34.20
34.10
33.80
34.10
33.80
34.10
33.70
33.80
33.70
33.70
33.90
33.80
34.00
33.60
33.80
33.80
34.00
33.60
33.70
33.90
33.90
33.90
33.90
33.70
33.70
33.90
33.60
33.90
33.50
33.50
33.50
33.80
33.50
33.80
33.50
33.60
33.70
33.40
33.60
33.50
33.60
33.60
33.40
33.70
34.10
33.80
33.90
34.00
34.10
34.00
34.10
34.00
34.10
33.80
33.90
34.00
33.80
34.00
33.90
33.60
33.70
33.60
33.70
33.60
33.70
33.60
33.60
33.60
33.90
33.90
33.80
33.80
33.50
33.40
33.60
33.20
33.30
33.10
33.10
33.00
33.10
33.40
33.00
33.30
33.30
33.30
33.30
32.90
32.90
33.00
32.90
33.30
33.00
32.90
32.90
33.10
33.00
32.90
33.20
32.80
32.70
32.70
32.90
32.60
32.50
32.80
32.80
32.40
32.40
32.40
32.70
32.70
32.50
32.30
32.60
32.70
32.70
32.40
32.30
32.60
32.60
32.20
32.30
32.40
32.10
32.10
32.00
31.70
32.00
32.00
31.70
31.90
31.90
31.60
31.60
31.90
31.60
31.90
31.90
31.60
31.70
31.80
31.90
31.50
31.60
31.40
31.70
31.40
31.50
31.40
31.30
31.20
31.10
30.90
31.10
30.90
30.90
31.00
31.10
30.90
31.10
30.80
31.10
31.10
30.90
31.10
30.80
31.10
31.10
30.80
31.00
30.80
30.90
30.90
30.70
30.80
30.70
30.60
30.80
30.70
30.60
30.70
31.10
31.10
31.30
31.10
31.30
31.20
31.40
31.30
31.40
31.40
31.40
31.30
31.20
31.30
31.40
31.20
31.10
31.20
31.20
36.20
35.90
35.40
35.10
34.60
34.50
34.40
34.20
34.00
33.90
33.60
33.50
33.50
33.70
33.30
33.20
33.50
33.10
33.30
33.00
33.00
33.10
32.90
33.10
32.70
32.80
32.90
32.90
32.90
33.00
32.60
33.00
32.50
32.80
32.70
32.70
32.70
32.70
32.60
32.50
32.20
32.20
32.10
32.30
32.30
32.20
32.00
32.30
32.00
32.00
32.30
31.90
32.20
31.90
32.20
31.80
32.20
32.10
32.20
31.80
32.20
32.00
32.10
32.00
31.80
31.60
31.70
31.50
31.70
31.40
31.70
31.40
31.80
31.30
31.60
31.30
31.30
31.30
31.30
31.30
31.60
31.60
31.40
31.30
31.60
31.60
31.50
31.20
31.50
31.40
31.20
31.40
31.10
30.80
30.80
31.10
30.80
31.10
31.00
30.80
30.70
31.00
30.90
30.70
31.10
31.00
31.00
30.80
30.90
30.70
30.80
31.00
30.60
30.60
30.60
30.60
30.50
30.40
30.40
30.20
30.10
30.10
30.50
30.10
30.30
30.30
30.20
30.50
30.40
30.30
30.20
30.10
30.40
30.10
30.50
30.00
30.00
29.80
30.00
29.90
29.80
29.30
29.60
29.20
29.50
29.50
29.30
29.30
29.30
29.20
29.20
29.50
29.20
29.20
29.50
29.40
29.10
29.40
29.10
29.30
29.00
28.80
28.80
28.70
28.30
28.50
28.60
28.40
28.60
28.30
28.40
28.50
28.60
28.30
28.50
28.30
28.60
28.30
28.20
28.40
28.50
28.50
28.50
28.20
28.30
28.10
28.20
27.90
28.00
28.00
27.80
27.80
27.60
27.60
27.80
27.70
27.50
27.70
27.70
27.80
27.60
27.80
27.80
27.80
27.70
27.70
27.60
27.70
27.40
27.40
27.50
27.10
27.00
26.80
26.70
26.90
26.80
26.90
26.70
26.60
26.80
26.60
26.70
26.60
26.80
26.80
26.80
26.60
26.80
26.60
26.60
26.70
26.50
26.60
26.60
26.40
26.10
26.00
26.00
25.90
25.90
26.10
26.10
25.90
25.90
25.90
25.90
26.10
25.90
26.00
25.90
26.10
25.90
26.10
25.80
26.00
25.80
25.80
25.70
25.80
25.70
25.50
25.50
25.40
25.40
25.40
25.40
25.40
25.30
25.30
25.40
25.50
25.30
25.40
25.30
25.50
25.50
25.50
25.40
25.60
25.50
25.50
25.40
25.30
25.20
25.00
25.00
24.80
24.90
24.70
24.90
24.70
24.80
24.90
24.70
24.90
24.80
24.90
24.80
24.70
24.90
25.00
24.80
24.90
24.70
24.80
24.80
24.50
24.70
24.40
24.40
24.40
24.40
24.40
24.30
24.40
24.30
24.30
24.30
24.50
24.40
24.40
24.30
24.30
24.30
24.50
24.30
24.30
24.40
24.30
24.20
24.00
23.90
23.80
23.90
25.90
27.50
27.40
27.40
27.20
27.10
27.10
27.10
27.00
27.10
26.90
27.00
27.00
26.70
26.90
26.80
26.70
26.70
26.40
26.30
26.20
26.20
26.10
25.90
25.90
25.90
25.90
25.90
25.90
25.90
26.00
26.00
26.00
25.90
25.90
26.10
25.90
25.90
25.90
26.00
25.80
25.90
25.90
25.90
25.60
25.60
25.60
31.00
30.10
29.60
29.40
29.20
29.10
29.00
28.90
28.90
28.80
28.70
28.80
28.80
28.60
28.70
28.50
28.50
28.60
28.50
28.50
28.50
28.10
28.00
28.10
28.00
28.00
27.90
27.90
28.00
27.90
27.80
27.90
27.90
27.80
28.00
27.90
27.80
27.80
28.00
27.90
27.90
28.00
27.90
27.90
27.60
27.40
27.50
27.40
27.30
27.20
27.20
27.10
27.10
30.30
30.50
30.30
30.10
30.00
29.90
29.70
29.70
29.70
29.50
29.50
29.60
29.40
29.50
29.20
29.20
29.10
28.80
28.80
28.70
28.80
28.60
28.60
28.70
28.60
28.60
28.60
35.20
35.20
32.80
31.80
32.80
32.10
31.40
31.40
31.30
31.20
31.10
31.00
30.90
30.80
30.60
30.60
30.40
30.20
34.20
32.50
32.00
31.70
31.20
31.20
31.00
31.00
30.90
30.70
30.60
30.70
31.40
31.50
31.30
31.20
31.30
31.70
31.60
31.40
31.30
31.30
31.00
31.10
31.10
30.80
30.70
30.80
30.50
30.50
30.70
30.60
30.50
30.30
30.50
30.40
30.50
30.20
30.40
30.20
30.30
30.20
30.10
30.00
30.00
29.80
29.80
29.90
29.90
29.90
29.80
29.90
29.90
29.80
29.80
29.80
30.00
29.90
29.90
29.90
29.80
29.80
29.80
30.00
29.80
29.70
29.80
29.70
29.40
29.50
29.50
29.40
29.50
29.40
29.40
29.30
29.40
29.50
29.40
29.40
29.20
29.40
29.30
29.40
29.20
29.20
29.20
29.20
29.40
29.30
29.20
29.10
29.00
29.10
29.10
29.20
29.00
28.90
29.10
29.00
29.00
29.00
29.20
29.00
29.00
29.30
29.30
29.00
29.20
29.20
29.20
29.00
29.00
29.00
28.90
28.90
29.00
28.90
28.80
28.70
28.70
28.90
28.70
28.70
28.90
28.90
28.80
28.90
28.60
28.80
28.90
28.90
28.70
28.70
28.80
28.80
28.90
28.60
28.70
28.70
28.60
28.50
28.50
28.40
28.40
28.40
28.30
28.30
28.30
28.50
28.40
28.30
28.30
28.40
28.50
28.40
28.40
28.50
28.50
28.60
28.80
28.60
28.60
28.60
28.60
28.50
28.60
28.50
28.50
28.50
28.60
28.40
28.50
28.60
28.40
28.50
28.40
28.70
28.60
28.40
28.50
28.70
28.60
28.40
28.40
28.60
28.60
28.40
28.30
28.50
28.20
28.20
28.20
28.30
28.20
28.20
28.10
28.30
28.40
28.10
28.20
28.30
28.20
28.30
28.30
28.20
28.30
28.10
28.20
28.10
28.10
28.10
28.00
28.00
28.00
27.80
27.70
27.80
27.80
27.90
27.80
27.80
27.80
27.80
27.70
27.90
27.90
27.90
27.80
27.80
27.70
27.70
27.80
27.50
27.60
27.60
27.30
27.40
27.30
27.30
27.30
27.20
27.30
27.20
27.20
27.10
27.20
27.30
27.10
27.20
27.30
27.10
27.20
27.10
27.30
27.30
27.30
27.20
27.20
27.10
27.10
27.20
27.00
27.00
27.00
27.20
27.20
27.10
27.20
27.00
27.20
27.10
27.20
27.20
27.30
27.10
27.00
27.20
29.30
29.40
29.30
29.50
30.90
32.80
31.90
31.60
31.50
31.30
31.10
31.00
30.80
30.80
30.80
30.50
30.70
30.40
30.30
32.30
33.50
32.10
31.80
31.40
31.10
30.80
30.80
30.80
30.60
30.60
30.50
30.20
30.30
30.20
30.00
30.00
29.90
29.80
30.00
30.00
29.90
29.90
29.80
29.90
29.80
29.70
29.60
29.60
29.60
29.60
29.50
29.60
29.50
29.40
29.40
29.30
29.30
29.30
29.20
29.20
29.20
29.20
29.20
29.10
29.20
29.00
29.00
29.00
29.20
29.10
34.60
33.30
32.40
31.70
31.40
31.30
31.00
30.90
30.70
30.70
30.60
30.50
30.20
30.20
30.10
30.30
30.10
30.30
30.30
30.20
30.30
30.20
30.20
30.30
30.10
30.30
30.00
30.20
30.20
30.10
29.90
29.90
29.90
29.90
29.90
29.60
29.70
29.70
29.70
29.60
29.50
29.60
29.60
29.50
29.50
29.70
29.40
29.60
29.50
29.40
29.40
29.40
29.60
29.30
29.50
29.20
35.60
33.30
32.60
32.20
31.80
31.30
31.30
31.10
31.10
30.90
30.70
30.70
30.80
30.60
30.60
30.40
30.50
32.20
33.60
33.30
32.60
32.10
32.00
31.60
31.50
31.40
31.30
31.00
31.10
31.00
31.00
31.10
31.00
31.50
32.50
33.10
32.60
32.30
37.20
33.40
32.50
31.90
32.80
34.40
34.10
33.20
32.60
32.20
32.00
31.70
35.70
33.80
32.70
32.40
33.60
32.60
32.10
32.00
31.60
31.70
31.40
31.20
31.40
31.00
30.90
31.00
31.10
31.00
30.70
30.60
30.80
30.60
30.50
30.30
30.40
30.60
30.30
30.40
30.30
30.30
30.20
30.20
30.30
30.20
30.30
30.20
30.20
30.10
30.20
30.20
30.20
30.20
30.10
29.90
29.90
29.90
29.80
29.70
29.60
29.60
29.60
29.50
29.70
29.50
29.70
29.70
29.50
29.50
29.60
29.50
29.70
29.60
29.50
29.60
29.50
29.60
29.40
29.50
29.50
29.40
29.20
29.20
29.20
29.20
29.20
29.00
29.20
29.20
29.10
29.10
29.00
29.10
29.20
28.90
29.20
28.90
28.90
29.10
29.10
28.90
29.00
28.80
28.80
28.80
28.80
28.60
28.60
28.60
28.60
28.60
28.60
28.60
28.60
28.40
28.50
28.60
28.60
28.50
28.40
28.40
28.40
28.40
28.50
28.30
28.50
28.20
28.20
28.20
28.00
28.10
28.00
28.00
27.80
27.80
27.90
27.80
28.00
27.90
28.00
28.00
27.80
28.00
28.00
27.70
28.00
27.70
27.70
27.90
27.80
27.80
27.50
27.60
27.50
27.30
27.30
27.20
27.20
27.30
27.10
27.30
27.20
27.10
27.10
27.10
27.00
27.00
27.20
27.20
27.10
27.00
27.30
27.30
27.20
27.00
26.90
26.80
26.80
26.60
26.70
26.50
26.50
26.50
26.50
26.40
26.50
26.50
26.50
26.60
26.50
26.40
26.50
26.50
26.50
26.60
26.40
26.60
26.40
26.30
26.40
26.20
26.10
26.10
25.80
25.90
25.90
25.80
25.80
25.90
25.90
25.70
25.80
25.70
25.90
25.90
25.90
25.70
25.80
25.80
25.90
25.60
25.80
25.80
25.70
25.60
25.50
25.40
25.50
25.30
25.30
25.40
25.20
25.40
25.50
25.30
25.20
25.20
25.40
25.30
25.50
25.40
25.30
25.50
25.30
25.40
25.40
25.40
25.20
25.30
25.00
25.00
25.10
24.90
25.00
25.00
24.90
25.10
24.90
24.90
25.00
24.90
25.10
25.00
25.00
24.90
25.10
25.00
25.10
25.00
24.90
24.80
24.80
25.00
24.80
24.60
24.60
24.60
24.50
24.60
24.60
24.40
24.60
24.60
24.60
24.50
24.50
24.60
24.50
24.40
24.50
24.60
24.40
24.30
24.40
24.30
24.50
24.30
24.30
24.40
24.20
24.30
24.20
26.00
26.20
26.10
26.40
26.20
26.20
26.20
26.20
26.40
26.50
26.50
33.80
32.20
31.20
31.20
30.80
30.70
30.30
30.30
30.10
30.10
29.60
29.60
29.40
29.50
29.40
29.60
29.60
29.50
29.60
29.40
29.30
29.50
29.30
29.30
29.40
29.40
29.30
29.20
29.30
29.20
29.00
29.20
28.90
28.90
29.00
28.70
28.80
28.70
28.80
28.80
30.90
30.60
30.60
30.40
30.30
30.20
30.10
30.00
29.90
29.90
29.90
29.70
29.70
29.50
29.40
29.50
29.20
29.30
29.20
29.10
29.10
36.80
32.80
32.20
32.40
31.90
31.20
31.00
30.90
30.70
31.60
31.20
31.10
31.00
30.60
30.40
30.60
30.30
30.30
30.40
30.10
29.90
29.90
29.80
29.90
29.70
29.60
29.80
29.80
29.90
30.20
30.50
30.30
30.50
30.20
30.10
30.30
30.00
30.20
30.10
29.80
30.00
29.80
34.70
32.30
31.70
31.20
30.90
30.70
30.60
30.30
30.40
30.30
30.00
30.10
30.10
29.90
29.80
30.00
29.90
29.70
29.70
29.80
29.80
29.50
29.50
29.60
29.50
29.30
29.20
29.20
29.20
29.20
31.20
31.00
31.90
31.50
31.20
31.00
31.00
30.70
30.50
30.60
30.50
30.30
30.20
30.10
30.30
30.20
29.90
29.90
29.80
29.70
29.90
29.60
29.70
29.60
29.60
29.70
29.70
29.60
29.60
29.40
29.40
29.60
29.30
29.50
29.20
29.30
29.20
29.20
29.10
29.20
29.10
29.30
29.00
29.20
29.20
29.10
28.90
29.10
28.90
29.10
29.10
29.00
29.10
29.00
28.80
28.90
28.90
29.00
28.90
28.80
28.80
28.80
28.80
28.80
28.90
28.80
28.80
28.60
28.60
28.40
28.50
28.30
28.30
28.50
28.50
28.40
28.50
28.40
28.30
28.30
28.40
28.40
28.50
28.30
28.40
28.50
28.40
28.40
28.20
28.40
28.20
28.20
27.90
27.80
27.90
28.00
28.00
27.90
27.80
27.80
27.90
28.00
27.80
27.70
28.00
27.80
28.00
27.90
27.70
27.90
27.70
27.90
27.60
27.50
27.50
27.30
27.40
27.40
27.20
27.20
27.30
27.30
27.30
27.10
27.20
27.20
27.10
27.20
27.30
27.30
27.10
27.30
27.10
27.10
27.20
27.00
27.10
26.90
26.90
26.70
26.50
26.60
26.60
26.50
26.50
26.40
26.40
26.50
26.40
26.40
26.60
26.30
26.30
26.30
26.50
26.50
26.30
26.40
26.50
26.30
26.40
26.20
26.10
25.90
25.80
25.90
25.70
25.80
25.60
25.60
25.80
25.80
25.70
25.60
25.80
25.70
25.80
25.60
25.80
25.80
25.60
25.80
25.60
25.70
25.60
25.50
25.30
25.30
25.10
25.10
24.90
25.00
24.80
25.00
24.80
24.80
24.80
24.80
24.80
25.00
25.00
25.00
24.80
25.00
25.00
25.00
24.70
24.70
24.50
24.60
24.60
24.30
24.20
24.20
24.20
24.00
24.20
24.00
24.00
24.00
24.20
24.10
24.10
23.90
23.80
24.00
23.70
23.90
24.00
23.70
23.80
23.60
23.50
23.40
23.10
23.10
22.90
22.90
22.80
22.80
22.90
22.90
22.80
22.80
22.70
22.80
22.90
22.80
22.70
22.70
22.60
22.80
22.60
22.70
22.60
22.80
22.50
22.60
22.50
22.50
22.50
22.50
22.60
22.40
22.40
22.40
22.60
22.50
22.50
22.50
22.50
22.70
22.70
22.70
22.60
22.50
22.70
22.70
22.50
22.60
22.60
22.60
22.50
22.40
28.80
27.90
27.70
27.50
27.40
27.60
27.50
27.50
27.40
27.40
27.50
27.30
27.30
27.60
27.40
27.30
27.50
27.40
27.50
27.40
27.40
27.30
27.40
27.30
27.20
27.10
31.10
31.60
30.30
29.80
29.50
29.20
29.00
28.80
28.70
28.40
28.30
28.30
28.50
28.20
28.20
28.30
28.30
28.00
27.90
28.00
28.00
27.90
27.60
27.50
27.70
27.50
27.60
27.60
27.50
27.70
27.60
27.40
27.40
27.70
27.40
27.50
27.70
27.60
27.60
27.60
27.30
27.20
27.20
27.10
27.10
26.90
26.70
26.70
26.80
26.70
26.70
26.60
26.70
26.60
26.60
26.70
26.60
26.80
26.80
26.70
26.70
26.80
26.70
26.80
26.50
26.60
26.60
26.50
26.30
26.20
25.90
25.80
25.80
25.90
25.90
25.70
25.90
25.90
26.00
26.00
26.00
26.00
25.80
25.90
26.00
26.00
25.90
25.80
25.90
25.70
25.80
25.60
25.30
25.30
25.10
24.90
24.80
25.00
24.80
25.00
24.90
25.00
25.00
24.80
25.00
24.70
24.70
24.90
24.90
25.00
24.80
24.80
24.70
24.80
24.70
24.60
24.50
24.20
24.10
24.00
23.90
24.00
23.90
24.10
24.10
24.10
23.90
24.00
24.10
23.90
23.90
24.00
24.10
24.20
24.00
24.10
24.10
23.80
23.70
23.60
23.60
23.30
23.30
23.20
23.10
23.00
23.20
23.10
23.10
23.10
23.00
23.00
23.20
23.20
23.00
23.00
23.20
23.10
23.00
23.10
23.00
23.10
22.90
22.90
22.80
22.50
22.50
22.40
22.30
22.30
22.30
22.20
22.30
22.30
22.30
22.40
22.30
22.30
22.20
22.40
22.20
22.30
22.50
22.30
22.30
22.40
22.30
22.10
21.90
21.80
21.60
21.50
21.40
21.30
21.40
21.40
21.50
21.40
21.50
21.40
21.40
21.40
21.50
21.40
21.40
21.40
21.50
21.60
21.50
21.60
21.50
21.40
21.60
21.30
21.50
21.30
21.40
21.50
21.40
21.50
21.40
21.40
21.50
21.20
29.70
29.80
29.30
28.90
28.30
28.10
28.10
28.10
28.10
28.10
28.10
28.10
28.30
28.40
28.20
28.20
28.20
28.20
28.10
28.20
27.90
27.90
27.90
27.80
27.80
28.00
27.80
28.00
27.70
27.60
27.70
27.70
27.80
27.70
27.80
27.60
27.40
27.50
27.30
27.40
27.30
27.30
27.40
27.20
27.30
27.30
27.30
27.10
27.20
27.10
27.30
27.10
27.30
27.10
27.30
27.30
27.10
27.20
26.90
26.90
26.70
26.60
26.60
26.50
26.50
26.50
26.40
26.50
26.50
26.60
26.60
26.60
26.60
26.70
26.50
26.60
26.50
26.70
26.40
26.60
26.60
26.50
26.30
26.10
26.10
25.80
25.80
25.70
25.60
25.60
25.60
25.60
25.80
25.70
25.80
25.60
25.80
25.80
25.80
25.80
25.90
25.70
25.80
25.60
25.70
25.70
25.40
25.50
25.10
25.10
24.90
24.70
24.60
24.70
24.70
24.60
24.70
24.70
24.70
24.90
24.70
24.70
24.70
24.90
25.00
24.70
24.70
24.90
24.60
24.70
24.30
24.30
24.10
23.90
23.60
23.50
23.50
23.50
23.60
23.60
23.50
23.70
23.50
23.70
23.70
23.50
23.50
23.60
23.50
23.70
23.60
23.60
23.70
23.60
23.40
23.20
22.90
23.00
22.80
22.90
22.70
22.80
22.70
22.70
22.70
22.90
22.70
22.80
23.00
22.80
22.70
23.00
22.70
22.90
22.70
22.80
22.60
22.60
22.40
22.20
22.20
22.10
22.10
21.90
22.10
22.50
22.50
22.60
22.70
22.70
22.70
22.50
22.80
22.80
22.60
22.60
22.60
22.90
22.70
22.90
22.70
22.60
22.50
22.30
22.20
22.20
22.20
22.20
22.80
22.80
23.00
22.90
23.10
23.20
22.90
23.00
23.20
23.40
23.40
23.20
23.30
23.50
23.50
23.30
23.30
23.50
23.40
23.20
23.30
23.10
23.10
22.80
22.90
22.80
23.00
22.90
22.80
23.10
23.10
22.90
23.10
22.90
23.20
23.10
23.20
23.00
23.10
23.10
22.90
22.80
22.70
22.80
22.70
22.70
22.60
22.30
22.40
22.30
22.40
22.30
22.40
22.40
22.40
22.50
22.40
22.40
22.60
22.60
22.60
22.60
22.60
22.60
22.30
22.30
22.30
22.00
22.10
21.80
21.80
21.80
21.80
21.90
21.90
21.80
21.70
21.80
21.70
21.80
21.90
21.70
21.70
22.00
21.80
22.00
21.80
22.00
22.00
21.70
21.50
21.40
21.20
21.30
21.10
20.90
20.80
20.80
20.90
21.00
21.00
20.90
20.80
21.10
21.10
20.90
21.00
21.00
21.10
21.10
21.00
20.80
20.80
20.70
20.60
20.50
20.20
20.10
19.80
19.70
19.70
19.80
19.90
19.70
19.70
19.60
19.80
19.80
19.70
19.90
19.80
19.80
19.80
19.90
19.60
19.90
19.70
19.50
19.60
19.40
19.10
19.00
19.30
19.60
19.60
19.80
19.60
19.80
19.80
20.00
19.70
19.90
19.80
20.00
20.10
20.10
20.00
20.10
20.00
20.00
19.90
20.00
20.00
19.80
19.80
19.40
19.50
19.60
19.30
19.40
19.30
19.60
19.40
19.50
19.40
19.40
19.60
19.50
19.50
19.40
19.70
19.50
19.60
19.70
19.70
19.50
19.20
19.20
19.20
18.70
19.00
18.80
18.80
18.60
18.90
18.90
18.80
18.70
18.90
18.70
18.70
18.60
18.80
18.90
18.90
18.60
18.60
18.90
18.50
18.60
18.50
18.00
17.90
17.90
17.70
17.50
17.60
17.50
17.60
17.60
17.60
17.60
17.70
17.60
17.60
17.40
17.40
17.60
17.40
17.60
17.40
17.50
17.50
17.40
17.00
16.70
16.70
16.50
16.20
16.30
16.40
16.50
16.60
16.70
16.80
16.90
17.00
17.10
17.20
17.30
17.40
17.50
17.60
17.70
17.60
17.50
17.40
17.30
17.20
17.10
17.00
18.30
18.20
18.20
18.20
18.10
18.10
18.00
18.00
18.00
18.20
18.10
18.00
18.20
18.00
18.00
18.20
18.10
18.20
18.20
17.90
17.90
17.70
17.60
17.40
17.30
17.20
17.20
17.00
17.10
17.10
17.10
17.10
17.00
17.10
17.00
17.10
16.90
17.10
17.00
16.90
17.10
17.10
17.10
16.90
16.90
16.80
16.50
16.30
16.30
16.10
16.00
16.00
16.10
16.10
16.10
16.10
15.90
16.10
16.20
16.10
16.10
16.20
16.10
16.20
16.00
16.10
16.10
16.00
16.00
16.10
16.10
15.80
15.90
15.90
16.10
15.90
15.90
16.00
16.00
16.00
16.10
16.20
16.10
16.30
16.40
16.40
16.40
16.20
16.20
16.20
16.40
16.30
16.40
16.40
16.30
16.30
16.10
16.20
16.10
16.30
16.00
16.00
16.00
17.00
17.50
17.50
17.60
17.60
17.70
17.70
17.80
17.80
17.90
17.90
17.90
17.90
18.10
20.60
19.00
18.70
18.70
18.90
19.00
18.80
18.90
19.10
19.10
19.10
19.10
19.00
19.30
19.40
19.30
19.20
19.20
19.40
19.30
19.50
19.60
19.60
19.50
19.20
19.30
19.20
19.10
18.90
18.90
18.80
18.90
18.80
18.80
19.10
19.00
19.20
19.20
19.00
19.00
19.10
19.20
19.10
19.10
19.30
19.30
19.10
19.10
19.00
18.70
18.60
18.70
18.60
18.60
18.60
18.80
19.00
19.00
19.10
19.20
19.50
19.60
19.50
19.40
19.70
19.60
19.50
19.70
19.80
19.70
19.80
19.80
19.60
19.50
19.20
19.10
19.00
18.90
18.90
18.90
19.00
19.00
19.10
19.00
19.20
19.10
19.20
19.20
19.30
19.10
19.30
19.30
19.30
19.10
19.10
19.00
18.80
18.80
18.60
18.30
18.40
18.30
18.20
18.30
18.40
18.50
18.40
18.60
18.60
18.60
18.50
18.70
18.70
18.70
18.60
18.60
18.60
18.50
18.50
18.70
18.50
18.30
18.30
18.10
18.00
17.80
17.90
17.80
17.90
18.10
18.10
18.00
18.10
18.20
18.00
18.00
18.00
18.20
18.30
18.10
18.10
18.20
18.20
18.00
18.00
18.00
17.70
17.60
17.50
17.50
17.50
17.50
17.50
17.50
17.60
17.70
17.60
17.50
17.70
17.70
17.70
17.70
17.80
17.80
17.80
17.50
17.70
17.50
17.60
17.30
17.10
17.20
17.00
17.00
16.90
16.90
17.10
17.00
17.10
17.00
17.20
17.00
17.00
17.30
17.20
17.20
17.00
17.10
17.30
17.20
17.10
17.30
17.20
16.90
16.80
16.80
16.60
16.70
16.50
16.50
16.40
16.40
16.70
16.50
16.60
16.60
16.80
16.80
16.80
16.70
16.80
16.70
16.80
16.90
16.70
16.80
16.70
16.50
16.50
16.30
16.20
16.20
16.10
16.10
16.30
16.30
16.30
16.40
16.30
16.50
16.30
16.40
16.50
16.50
16.60
16.40
16.60
16.50
16.60
16.50
16.30
16.00
15.90
15.90
15.90
15.70
15.80
21.20
21.20
21.10
21.10
21.10
21.10
21.10
21.10
21.10
21.10
21.10
21.10
21.10
21.10
21.10
21.00
21.00
20.90
20.90
20.80
20.70
20.70
20.70
20.60
20.60
20.60
20.60
20.60
20.60
20.60
20.60
20.50
20.50
20.50
20.50
20.50
20.50
20.50
20.50
20.50
20.40
20.40
20.30
20.30
20.30
20.20
20.20
20.20
20.10
20.10
20.10
20.10
20.10
20.10
20.10
20.10
20.10
20.10
20.10
20.00
20.00
20.00
20.00
20.00
20.00
20.00
19.90
19.90
19.90
19.80
19.80
19.80
19.80
19.70
19.70
19.70
19.70
19.70
19.70
19.70
19.70
19.70
19.70
19.70
19.60
19.60
19.60
19.60
19.60
19.60
19.60
19.50
19.50
19.50
19.50
19.40
19.40
19.40
19.40
19.40
19.40
19.40
19.40
19.40
19.30
19.30
19.30
19.30
19.30
19.30
19.30
19.30
19.30
19.30
19.20
19.20
19.20
19.10
19.10
19.10
19.10
19.10
19.10
19.10
19.10
19.10
19.10
19.10
19.00
19.00
19.00
19.00
19.00
19.00
19.00
19.00
19.00
19.00
19.00
18.90
18.90
18.90
18.90
18.90
18.90
18.90
18.90
18.80
18.80
18.80
18.80
18.80
18.80
18.80
18.80
18.80
18.80
18.80
18.80
18.80
18.80
18.70
18.70
18.70
18.70
18.70
18.70
18.70
18.70
18.60
18.60
18.60
18.60
18.60
18.60
18.60
18.60
18.60
18.60
18.60
18.60
18.60
18.60
18.60
18.60
18.50
18.50
18.50
18.50
18.50
18.50
18.50
18.50
18.40
18.40
18.40
18.40
18.40
18.40
18.40
18.40
18.40
18.40
18.40
18.40
18.40
18.40
18.40
18.30
18.30
18.30
18.30
18.30
18.30
18.30
18.30
18.20
18.20
18.20
18.20
18.20
18.20
18.20
18.20
18.20
18.20
18.20
18.20
18.20
18.20
18.20
18.10
18.10
18.10
18.10
18.10
18.10
18.10
18.10
18.00
18.00
18.00
18.00
18.00
18.00
18.00
18.00
18.00
18.00
18.00
18.00
18.00
18.00
18.00
17.90
17.90
17.90
17.90
17.90
17.90
17.90
17.90
17.90
17.90
17.90
17.90
17.80
17.80
17.80
17.80
17.80
17.80
17.80
17.80
17.80
17.80
17.80
17.80
17.80
17.80
17.80
17.80
17.70
17.70
17.70
17.70
17.70
17.70
17.70
17.70
17.70
17.70
17.70
17.60
17.60
17.60
17.60
17.60
17.60
17.60
17.60
17.60
17.60
17.60
17.60
17.60
17.60
17.60
17.60
17.60
17.60
17.60
17.50
17.50
17.50
17.50
17.50
17.50
17.50
17.50
17.50
17.50
17.50
17.50
17.50
17.50
17.50
17.50
17.50
17.40
17.40
17.40
17.40
17.40
17.40
17.40
17.40
17.40
17.40
17.40
17.40
17.40
17.40
17.40
17.30
17.30
17.30
17.30
17.30
17.30
17.30
17.30
17.30
17.30
17.30
17.30
17.30
17.30
17.30
17.30
17.20
17.20
17.20
17.20
17.20
17.20
17.20
17.20
17.20
17.20
17.20
17.20
17.10
17.10
17.10
17.10
17.10
17.10
17.10
20.30
19.50
17.90
17.40
19.10
19.30
19.00
21.30
23.80
23.60
22.70
24.30
24.40
23.30
23.10
24.10
23.40
23.00
22.90
22.60
22.50
22.70
22.30
22.30
25.00
25.50
24.10
23.60
23.50
23.20
23.20
22.80
22.80
22.80
22.60
22.70
22.40
22.70
22.80
22.50
22.60
22.60
22.70
22.50
22.90
27.70
26.00
24.70
24.30
23.90
23.90
23.40
23.50
23.30
23.10
23.20
22.80
22.90
23.00
22.80
23.00
22.90
22.90
22.80
22.50
22.90
22.60
22.70
23.00
22.70
22.70
22.70
22.70
22.70
22.60
22.60
22.40
22.30
22.20
22.60
22.20
22.60
22.20
22.50
22.40
22.40
22.50
22.40
22.40
22.20
22.40
22.40
22.30
22.10
22.30
22.30
22.30
22.20
22.00
22.10
22.20
22.10
22.00
22.10
22.10
21.90
21.90
23.50
23.20
23.00
23.10
23.10
23.20
23.10
23.10
23.00
23.10
23.10
22.90
22.90
23.00
22.70
22.80
22.80
22.60
22.70
22.70
22.60
22.60
22.70
22.60
22.70
22.70
22.70
22.40
22.60
22.50
22.40
22.40
22.50
22.50
22.40
22.40
22.40
22.30
22.40
22.40
22.40
22.20
22.10
22.10
22.30
22.30
22.30
22.00
22.00
22.00
22.30
22.20
22.00
22.30
22.30
22.30
22.10
22.30
22.20
22.20
22.20
22.10
22.10
22.20
22.10
22.00
22.20
22.30
22.00
22.00
22.30
22.20
25.30
24.50
24.10
23.90
24.00
23.90
23.60
23.70
23.50
23.50
23.40
23.40
23.40
23.20
23.10
23.00
23.10
23.20
23.00
23.10
23.10
23.10
22.90
23.00
23.00
23.00
22.90
22.80
22.70
23.00
22.70
22.80
22.60
22.60
22.90
22.80
22.70
22.40
22.40
22.20
22.20
22.50
22.20
22.40
22.10
22.30
22.10
22.20
22.50
22.10
22.40
22.20
22.50
22.10
22.40
22.30
22.20
22.20
22.30
22.00
22.20
21.90
21.70
21.90
21.70
21.60
21.90
21.80
21.70
21.80
21.70
22.00
21.90
21.70
21.90
21.90
22.00
22.00
21.70
21.70
21.90
21.90
21.70
21.90
21.70
21.40
21.60
21.30
21.40
21.40
21.30
21.20
21.40
21.60
21.30
21.50
21.30
21.30
21.40
21.30
21.50
21.30
21.20
21.60
21.30
21.50
21.40
21.30
21.50
21.30
21.40
21.40
21.60
21.70
21.60
21.40
23.20
26.50
25.50
24.60
24.40
24.10
23.90
24.00
23.90
26.20
28.00
26.30
26.10
25.60
25.00
25.00
24.80
24.60
26.10
27.40
26.70
26.60
25.90
25.10
25.10
24.90
24.60
24.30
24.20
24.20
24.00
23.90
24.00
23.80
23.80
23.80
24.00
23.60
23.60
23.80
23.50
23.50
23.90
24.00
23.70
23.70
24.00
25.70
25.90
28.90
27.10
28.90
27.10
26.10
25.90
25.60
25.40
25.20
24.80
24.90
24.80
24.60
24.50
24.30
24.50
24.20
24.40
24.10
23.90
24.10
24.10
24.20
23.80
24.10
23.80
23.90
23.70
23.70
23.90
23.70
23.90
23.70
23.90
23.80
23.70
23.60
23.50
23.60
23.70
23.50
23.50
23.20
23.20
23.10
23.40
23.20
23.10
23.30
23.40
23.10
23.20
23.40
23.10
23.00
23.10
23.30
23.20
23.00
23.10
23.20
22.90
23.00
23.00
22.60
22.60
22.50
22.50
22.70
22.80
22.60
22.80
22.50
22.50
22.70
22.80
22.70
22.50
22.50
22.80
22.80
22.80
22.50
22.50
22.50
22.60
22.40
22.20
22.10
22.30
21.90
21.90
22.00
22.10
22.10
22.20
22.00
22.20
22.30
22.20
22.10
22.20
22.20
22.20
22.10
22.00
22.20
22.20
22.00
21.90
21.90
21.80
21.70
21.50
21.50
21.50
21.40
21.60
21.60
21.50
21.50
21.60
21.60
21.60
21.40
21.40
21.40
21.50
21.60
21.40
21.60
21.60
21.40
21.30
21.40
21.00
20.90
20.80
21.00
20.90
20.80
21.00
21.10
21.00
21.10
21.00
21.10
21.10
21.10
21.00
20.90
20.90
21.20
21.00
21.10
21.00
21.00
21.00
20.80
20.70
20.80
20.60
20.60
20.80
20.50
20.70
20.50
20.70
20.60
20.50
20.50
20.70
20.40
20.50
20.60
20.50
20.70
20.70
20.50
20.80
20.70
20.60
20.40
20.10
19.90
19.90
19.70
19.70
19.90
19.80
20.00
19.80
20.10
19.80
20.00
20.10
20.20
20.20
20.00
20.20
20.00
19.90
20.10
20.10
19.90
20.00
19.70
19.40
19.60
19.50
19.10
19.40
19.50
19.30
19.30
19.60
19.40
19.30
19.30
19.30
19.60
19.40
19.50
19.30
19.30
19.60
19.60
19.60
19.50
19.20
19.30
19.30
19.10
19.10
18.90
19.00
19.10
18.80
18.90
19.20
19.10
19.00
19.00
19.20
19.00
19.00
19.20
19.00
19.30
19.20
19.10
19.00
19.00
19.10
19.00
18.60
18.80
18.60
18.90
18.50
18.50
18.70
18.80
19.00
18.90
18.80
18.80
19.00
19.10
18.70
18.70
18.80
18.80
18.90
18.90
18.60
18.60
18.70
18.80
18.70
18.40
18.40
18.60
18.30
18.40
18.40
18.60
18.40
18.50
18.60
18.60
18.40
18.50
18.60
18.60
18.50
18.60
18.60
18.50
18.50
18.50
18.40
18.50
18.40
18.30
18.40
18.20
18.30
18.10
18.20
18.10
18.30
18.40
18.30
18.30
18.30
18.20
18.30
18.30
18.40
18.40
18.40
18.20
18.30
18.40
18.20
18.30
18.30
18.10
18.80
18.90
18.80
18.90
18.90
18.80
18.70
18.90
18.80
18.70
18.70
18.70
18.80
18.70
18.80
18.70
18.90
18.80
18.90
18.70
18.90
18.90
18.70
18.50
18.50
18.30
19.10
19.40
19.50
19.30
19.40
19.40
19.30
19.40
19.50
19.30
19.50
19.30
19.50
19.50
19.30
19.50
19.40
19.30
19.20
19.40
19.00
19.10
19.10
19.10
18.80
19.00
18.80
19.10
18.90
19.00
19.10
19.10
19.20
19.20
19.10
19.10
19.10
19.10
19.20
19.10
19.00
19.10
19.10
18.90
18.90
18.70
18.50
18.60
18.70
18.40
18.70
18.70
18.60
18.50
18.70
18.50
18.70
18.50
18.50
18.50
18.70
18.80
18.80
18.60
18.80
18.70
18.50
18.60
18.40
18.50
18.50
18.50
18.20
18.50
18.20
18.50
18.30
18.30
18.60
18.30
18.30
18.50
18.50
18.40
18.40
18.30
18.60
18.60
18.30
18.30
18.30
18.40
18.10
17.90
17.80
17.70
17.80
17.70
17.70
17.70
18.00
18.00
17.90
17.70
17.80
17.80
18.00
17.80
18.10
17.80
17.90
17.80
18.00
18.00
17.70
17.60
17.50
17.40
17.50
17.20
17.20
17.20
17.40
17.40
17.60
17.70
17.60
17.80
17.60
17.60
17.70
17.60
17.80
17.60
17.80
17.60
17.60
17.70
17.60
17.60
17.60
17.40
17.50
17.20
17.10
17.10
17.10
17.10
17.20
17.20
17.40
17.20
17.40
17.20
17.30
18.20
18.40
18.40
18.30
18.40
18.40
18.20
18.30
18.20
18.10
18.00
17.80
17.80
17.70
17.90
17.90
17.80
18.00
17.90
17.90
17.70
17.70
17.90
17.90
17.90
18.00
17.90
17.80
17.90
18.00
17.70
17.70
17.50
17.70
17.50
17.50
17.30
17.40
17.20
17.20
17.20
17.50
17.50
17.30
17.50
17.20
17.20
17.40
17.20
17.20
17.30
17.40
17.30
17.30
17.40
17.40
17.20
17.30
16.90
17.00
16.90
16.90
16.70
16.90
16.90
16.90
16.90
16.90
17.00
17.00
16.80
16.90
17.00
17.00
17.00
16.80
17.00
17.00
17.00
16.90
16.60
16.70
16.40
16.60
16.20
16.20
16.50
16.40
16.30
16.40
16.40
16.40
19.10
18.70
18.30
18.30
18.20
17.90
17.80
17.80
17.90
17.80
17.60
17.20
17.90
17.60
17.40
18.30
18.00
17.80
17.70
17.50
17.80
20.20
22.60
22.80
23.30
23.60
23.60
23.70
24.20
24.70
25.90
25.60
25.40
25.20
24.90
24.50
24.50
25.10
26.00
25.70
25.50
25.00
24.80
24.50
24.30
24.10
24.10
24.00
23.90
23.80
23.80
23.70
23.60
23.60
23.50
23.40
23.40
23.40
23.40
23.40
23.20
23.20
23.20
23.00
23.00
23.10
22.90
23.00
23.00
22.90
23.00
23.00
22.90
23.00
22.90
22.90
22.90
22.80
22.90
22.80
22.80
22.80
22.80
22.70
22.70
22.70
22.60
22.50
22.60
22.60
22.50
22.60
22.40
22.50
22.40
22.50
22.40
22.40
22.40
22.40
22.40
22.40
22.50
22.40
22.50
22.40
22.40
22.30
22.20
22.20
22.10
22.10
22.00
21.90
21.90
21.90
21.90
22.10
22.10
21.90
22.00
21.90
22.10
21.90
21.90
21.90
22.00
22.00
21.90
21.80
21.90
21.90
21.80
21.60
21.70
21.60
21.50
21.40
21.60
21.60
21.50
21.50
21.50
21.50
21.70
21.50
21.70
21.40
21.50
21.50
21.50
21.50
21.60
21.70
21.40
21.40
21.40
21.20
21.30
21.20
21.10
21.10
21.10
21.00
21.00
21.10
21.20
21.00
21.20
21.10
21.00
21.20
21.00
21.10
21.10
21.20
21.20
21.00
21.10
21.10
20.80
20.90
20.80
20.40
20.60
20.40
20.60
20.60
20.50
20.40
20.60
20.70
20.50
20.50
20.70
20.70
20.70
20.60
20.60
20.80
20.50
20.70
20.60
20.70
20.60
20.30
20.40
20.30
20.00
20.00
20.10
20.20
20.30
20.10
20.00
20.20
20.00
20.20
20.20
20.20
20.20
20.00
20.40
20.10
20.40
20.20
20.00
20.20
20.00
19.80
19.80
19.90
20.00
20.00
19.80
19.80
20.00
20.00
20.00
20.00
20.10
20.10
19.90
20.10
20.10
20.00
20.10
20.10
20.00
20.00
19.90
20.00
20.00
20.00
20.20
20.00
20.00
20.20
20.10
20.00
20.30
20.20
20.20
20.20
20.30
20.20
20.10
20.40
20.20
20.40
20.20
20.20
20.30
20.40
20.30
20.30
20.20
19.70
19.70
19.60
19.80
19.40
19.50
19.80
19.80
19.90
19.60
19.70
19.80
19.90
19.80
19.90
19.90
19.90
20.00
20.00
19.80
19.80
19.80
19.70
19.50
19.40
19.30
19.20
19.30
19.30
19.30
19.30
19.30
19.40
19.50
19.40
19.20
19.50
19.30
19.40
19.30
19.40
19.30
19.50
19.50
19.50
19.30
19.40
19.40
19.20
19.20
19.30
19.20
19.30
19.10
19.20
19.20
19.30
19.20
19.20
19.30
19.20
19.40
19.40
19.20
19.20
19.20
19.40
19.20
19.20
19.20
19.40
19.30
19.20
19.10
19.00
18.80
19.00
19.00
18.90
19.00
18.90
19.00
18.90
18.90
18.90
19.10
19.10
19.00
18.90
18.90
19.10
19.10
19.00
18.90
18.80
18.70
18.70
18.40
18.30
18.10
18.30
18.20
18.30
18.30
18.20
18.30
18.40
18.30
18.50
18.40
18.40
18.30
18.40
18.30
18.30
18.40
18.30
18.40
18.20
18.10
18.00
18.00
17.80
17.70
17.70
17.70
17.80
17.80
17.80
17.80
17.80
17.90
17.90
17.90
17.80
17.90
17.90
17.90
17.90
17.90
17.90
17.80
17.90
17.80
17.70
17.70
17.60
17.70
17.70
17.70
17.70
17.80
17.70
17.70
17.60
17.80
17.80
17.80
17.80
17.70
17.60
17.70
17.80
17.80
17.70
17.80
17.60
17.60
17.50
17.50
17.50
17.40
17.20
17.30
17.40
17.30
17.30
17.30
17.50
17.30
17.30
17.40
17.50
17.40
17.40
17.50
17.30
17.50
17.40
17.40
17.30
17.20
17.00
16.90
16.80
16.60
16.70
16.60
16.70
16.60
16.70
16.90
16.90
16.80
16.70
16.80
16.70
16.90
16.70
16.70
16.80
16.80
16.90
16.70
16.70
16.50
16.50
16.40
16.40
16.20
16.00
16.10
16.20
16.20
16.30
16.40
16.30
16.40
16.20
16.20
16.40
16.40
16.30
16.20
16.30
16.30
16.40
16.30
16.20
16.20
16.30
16.20
16.10
16.00
16.00
16.10
16.00
15.90
16.10
16.10
16.00
16.20
16.00
16.00
16.10
15.90
15.90
16.00
16.00
16.10
16.00
15.90
16.10
15.90
15.90
15.60
15.60
15.50
15.50
15.60
15.60
15.80
15.70
15.80
15.50
15.50
15.60
15.50
15.70
15.70
15.60
15.60
15.60
15.60
15.60
15.60
15.60
15.60
15.50
15.50
15.40
15.40
15.40
15.40
15.40
15.40
15.40
15.40
15.40
15.40
15.40
15.40
15.40
15.40
15.40
15.40
15.40
15.40
15.40
15.40
15.40
15.30
15.30
15.20
15.20
15.20
15.10
15.10
15.10
15.10
15.10
15.10
15.20
15.10
15.10
15.20
15.10
15.10
15.10
15.10
15.10
15.10
15.20
15.20
15.10
15.10
15.10
15.00
15.00
15.00
14.99
14.99
14.99
14.99
14.99
14.98
14.98
14.98
14.98
14.98
14.97
14.97
14.97
14.97
14.97
14.96
14.96
14.96
14.96
14.96
14.95
14.95
14.95
14.95
14.95
14.94
14.94
14.94
14.94
14.94
14.93
14.93
14.93
14.93
14.93
14.92
14.92
14.92
14.92
14.92
14.91
14.91
14.91
14.91
14.91
14.90
14.90
14.90
14.90
14.90
14.89
14.89
14.89
14.89
14.89
14.88
14.88
14.88
14.88
14.88
14.87
14.87
14.87
14.87
14.87
14.86
14.86
14.86
14.86
14.86
14.85
14.85
14.85
14.85
14.85
14.84
14.84
14.84
14.84
14.84
14.83
14.83
14.83
14.83
14.83
14.82
14.82
14.82
14.82
14.82
14.81
14.81
14.81
14.81
14.81
14.80
14.80
14.80
14.80
14.80
14.79
14.79
14.79
14.79
14.79
14.78
14.78
14.78
14.78
14.78
14.77
14.77
14.77
14.77
14.77
14.76
14.76
14.76
14.76
14.76
14.75
14.75
14.75
14.75
14.75
14.74
14.74
14.74
14.74
14.74
14.73
14.73
14.73
14.73
14.73
14.72
14.72
14.72
14.72
14.72
14.71
14.71
14.71
14.71
14.71
14.70
14.70
14.70
14.70
14.70
14.69
14.69
14.69
14.69
14.69
14.68
14.68
14.68
14.68
14.68
14.67
14.67
14.67
14.67
14.67
14.66
14.66
14.66
14.66
14.66
14.65
14.65
14.65
14.65
14.65
14.64
14.64
14.64
14.64
14.64
14.63
14.63
14.63
14.63
14.63
14.62
14.62
14.62
14.62
14.62
14.61
14.61
14.61
14.61
14.61
14.60
14.60
14.60
14.60
14.60
14.59
14.59
14.59
14.59
14.59
14.58
14.58
14.58
14.58
14.58
14.57
14.57
14.57
14.57
14.57
14.56
14.56
14.56
14.56
14.56
14.55
14.55
14.55
14.55
14.55
14.54
14.54
14.54
14.54
14.54
14.53
14.53
14.53
14.53
14.53
14.52
14.52
14.52
14.52
14.52
14.51
14.51
14.51
14.51
14.51
14.50
14.50
14.50
14.50
14.50
14.49
14.49
14.49
14.49
14.49
14.48
14.48
14.48
14.48
14.48
14.47
14.47
14.47
14.47
14.47
14.46
14.46
14.46
14.46
14.46
14.45
14.45
14.45
14.47
14.49
14.51
14.53
14.55
14.57
14.59
14.61
14.63
14.65
14.67
14.69
14.71
14.73
14.75
14.77
14.79
14.81
14.83
14.85
14.87
14.89
14.91
14.93
14.95
14.97
14.99
15.01
15.03
15.05
15.07
15.09
15.11
15.13
15.15
15.17
15.19
15.21
15.23
15.25
15.27
15.29
15.31
15.33
15.35
15.37
15.39
15.41
15.43
15.45
15.47
15.49
15.51
15.53
15.55
15.57
15.59
15.61
15.63
15.65
15.67
15.69
15.71
15.73
15.75
15.77
15.79
15.81
15.83
15.85
15.87
15.89
15.91
15.93
15.95
15.97
15.99
16.01
16.03
16.05
16.07
16.09
16.11
16.13
16.15
16.17
16.19
16.21
16.23
16.25
16.27
16.29
16.31
16.33
16.35
16.37
16.39
16.41
16.43
16.45
16.47
16.49
16.51
16.53
16.55
16.57
16.59
16.61
16.63
16.65
16.67
16.69
16.71
16.73
16.75
16.77
16.79
16.81
16.83
16.85
16.87
16.89
16.91
16.93
16.95
16.97
16.99
17.01
17.03
17.05
17.07
17.09
17.11
17.13
17.15
17.17
17.19
17.21
17.23
17.25
17.27
17.29
17.31
17.33
17.35
17.37
17.39
17.41
17.43
17.45
17.47
17.49
17.51
17.53
17.55
17.57
17.59
17.61
17.63
17.65
17.67
17.69
17.71
17.73
17.75
17.77
17.79
17.81
17.83
17.85
17.87
17.89
17.91
17.93
17.95
17.97
17.99
18.01
18.03
18.05
18.07
18.09
18.11
18.13
18.15
18.17
18.19
18.21
18.23
18.25
18.27
18.29
18.31
18.33
18.35
18.37
18.39
18.41
18.43
18.45
18.47
18.49
18.51
18.53
18.55
18.57
18.59
18.61
18.63
18.65
18.67
18.69
18.71
18.73
18.75
18.77
18.79
18.81
18.83
18.85
18.87
18.89
18.91
18.93
18.95
18.97
18.99
19.01
19.03
19.05
19.07
19.09
19.11
19.13
19.15
19.17
19.19
19.21
19.23
19.25
19.27
19.29
19.31
19.33
19.35
19.37
19.39
19.41
19.43
19.45
19.47
19.49
19.51
19.53
19.55
19.57
19.59
19.61
19.63
19.65
19.67
19.69
19.71
19.73
19.75
19.77
19.79
19.81
19.83
19.85
19.87
19.89
19.91
19.93
19.95
19.97
19.99
20.01
20.03
20.05
20.07
20.09
20.11
20.13
20.15
20.17
20.19
20.21
20.23
20.25
20.27
20.29
20.31
20.33
20.35
20.37
20.39
20.41
20.43
20.45
20.47
20.49
20.51
20.53
20.55
20.57
20.59
20.61
20.63
20.65
20.67
20.69
20.71
20.73
20.75
20.77
20.79
20.81
20.83
20.85
20.87
20.89
20.91
20.93
20.95
20.97
20.99
21.01
21.03
21.05
21.07
21.09
21.11
21.13
21.15
21.17
21.19
21.21
21.23
21.25
21.27
21.29
21.31
21.33
21.35
21.37
21.39
21.41
21.43
21.45
21.47
21.49
21.51
21.53
21.55
21.57
21.59
21.61
21.63
21.65
21.67
21.69
21.71
21.73
21.75
21.77
21.79
21.81
21.83
21.85
21.87
21.89
21.91
21.93
21.95
21.97
21.99
22.01
22.03
22.05
22.07
22.09
22.11
22.13
22.15
22.17
22.19
22.21
22.23
22.25
22.27
22.29
22.31
22.33
22.35
22.37
22.39
22.41
22.43
22.45
22.47
22.49
22.51
22.53
22.55
22.57
22.59
22.61