20100101
20101231
32.80
32.90
33.00
33.10
33.20
33.30
33.50
33.60
33.80
33.90
33.90
33.90
34.00
34.00
33.90
33.90
33.90
33.90
33.90
33.80
33.80
33.80
33.80
33.70
33.70
33.70
33.70
33.80
33.80
33.80
33.80
33.80
34.30
35.00
35.10
35.20
35.40
38.20
39.40
41.00
40.40
40.10
40.00
39.00
38.70
38.30
37.90
37.50
37.20
36.90
36.70
36.60
36.40
36.30
36.10
36.00
35.90
35.80
35.70
35.60
35.50
35.30
35.20
35.10
35.00
35.00
34.90
34.90
34.90
34.80
34.80
34.80
34.70
34.70
34.70
34.60
34.60
34.60
34.50
34.50
34.50
34.40
34.40
34.30
34.10
34.00
33.90
33.80
33.80
33.70
33.80
33.80
33.80
33.70
33.80
33.70
33.70
33.70
33.70
33.80
33.80
33.80
33.80
33.80
33.70
33.70
33.70
33.70
33.70
33.70
33.70
33.70
33.70
33.60
33.70
38.10
38.80
38.00
38.70
38.50
38.00
37.70
37.60
37.40
37.30
37.50
38.20
38.20
38.10
37.80
37.60
37.40
37.20
37.00
36.90
36.80
36.70
36.50
36.50
36.30
36.30
36.20
36.10
36.00
35.90
35.80
35.80
35.70
35.60
35.60
35.50
35.50
35.40
35.40
35.30
35.30
35.30
35.20
35.60
37.30
37.50
37.40
37.30
37.20
37.20
37.10
37.00
36.90
36.80
36.70
36.70
36.60
36.60
36.50
36.50
36.40
36.30
36.30
36.20
36.10
36.00
36.00
35.90
35.80
35.80
35.70
35.60
35.60
35.50
35.50
35.40
35.40
35.30
35.30
35.30
35.20
35.20
35.20
35.10
35.10
35.10
35.00
35.00
35.00
35.00
34.90
34.90
34.90
34.90
34.90
34.90
34.90
34.90
34.90
34.90
34.90
35.00
35.00
35.00
35.00
35.00
35.10
35.10
35.10
35.10
35.10
35.10
35.20
35.20
35.20
35.20
35.20
35.20
35.20
35.20
35.30
35.30
35.30
35.30
35.30
35.30
35.30
35.30
35.30
35.30
35.30
35.30
35.30
35.30
35.30
35.30
35.30
35.40
35.40
35.40
35.40
35.40
35.40
35.40
35.30
35.30
35.30
35.30
35.30
35.30
35.30
35.30
35.30
35.30
35.30
35.30
35.30
35.30
35.30
35.30
35.30
35.30
35.30
35.20
35.20
35.20
35.20
35.20
35.20
35.20
35.20
35.20
35.20
35.10
35.10
35.10
35.10
35.10
35.10
35.10
35.00
35.00
35.00
35.00
35.00
35.00
35.00
34.90
34.90
34.90
34.90
34.90
34.90
34.80
34.80
34.80
34.80
34.80
34.80
34.70
34.70
34.70
34.70
34.70
34.60
34.60
34.60
34.60
34.60
34.50
34.50
34.50
34.50
34.50
34.40
34.40
34.40
34.40
34.40
34.30
34.30
34.30
34.30
34.30
34.20
34.20
34.20
34.20
34.20
34.10
34.10
34.10
34.10
34.00
34.00
34.00
34.00
34.00
33.90
33.90
33.90
33.90
33.90
33.80
33.80
33.80
33.80
33.70
33.70
33.70
33.70
33.70
33.60
33.60
33.60
33.60
33.60
33.50
33.50
33.50
33.50
33.50
33.40
33.40
33.40
33.40
33.40
33.30
33.30
33.30
33.30
33.30
33.30
33.20
33.20
33.20
33.20
33.20
33.20
33.10
33.10
33.10
33.10
33.10
33.10
33.00
33.00
33.00
33.00
33.00
33.00
33.00
32.90
32.90
32.90
32.90
32.90
32.90
32.90
32.90
32.90
32.80
32.80
32.80
32.80
32.80
32.80
32.80
32.80
32.80
32.80
32.80
32.80
32.70
32.70
32.70
32.70
32.70
32.70
32.70
32.70
32.70
32.70
32.70
32.70
32.70
32.70
32.70
32.70
32.70
32.70
32.70
32.70
32.70
32.70
32.70
32.70
32.70
32.70
32.70
32.70
32.80
32.80
32.80
32.80
32.80
32.80
32.80
32.80
32.80
32.80
32.80
32.90
32.90
32.90
32.90
32.90
32.90
32.90
33.00
33.00
33.00
33.00
33.00
33.00
33.10
33.10
33.10
33.10
33.10
33.20
33.20
33.20
33.20
33.20
33.30
33.30
33.30
33.30
33.30
33.40
33.40
33.40
33.40
33.50
33.50
33.50
33.50
33.50
33.60
33.60
33.60
33.60
33.70
33.70
33.70
33.70
33.80
33.80
33.80
33.90
33.90
33.90
33.90
34.00
34.00
34.00
34.00
34.10
34.10
34.10
34.10
34.20
34.20
34.20
34.30
34.30
34.30
34.30
34.40
34.40
34.40
34.40
34.50
34.50
34.50
34.60
34.60
34.60
34.60
34.70
34.70
34.70
34.70
34.80
34.80
34.80
34.80
34.90
34.90
34.90
34.90
35.00
35.00
35.00
35.00
35.10
35.10
35.10
35.10
35.20
35.20
35.20
35.20
35.30
35.30
35.30
35.30
35.30
35.40
35.40
35.40
35.40
35.40
35.50
35.50
35.50
35.50
35.50
35.60
35.60
35.60
35.60
35.60
35.70
35.70
35.70
35.70
35.70
35.70
35.70
35.80
35.80
35.80
35.80
36.00
36.00
36.00
36.00
36.00
36.00
36.00
36.00
36.00
36.00
36.00
36.00
36.10
36.10
36.00
36.00
36.00
36.00
36.00
36.00
36.00
36.00
36.00
36.00
36.00
36.00
36.00
36.00
35.90
35.90
35.90
35.90
35.90
35.90
35.90
35.90
35.90
35.90
35.90
35.80
35.80
35.80
35.80
35.80
35.80
35.80
35.80
35.80
35.80
35.80
35.80
35.80
35.90
44.20
42.30
41.30
40.80
40.40
40.10
39.90
39.70
39.50
39.40
39.30
39.10
39.00
38.90
38.80
38.70
38.70
38.60
38.50
38.50
38.40
38.30
38.30
38.20
38.20
38.10
38.10
38.10
38.00
38.00
37.90
37.90
37.80
37.80
37.70
37.70
37.60
37.60
37.60
37.50
37.50
37.50
37.40
37.40
37.40
37.40
37.30
37.30
37.30
37.30
37.20
37.20
37.20
37.20
37.10
37.10
37.00
37.00
36.90
36.90
36.90
36.80
36.80
36.80
36.80
36.80
36.80
36.70
36.70
36.70
36.70
36.70
36.70
36.60
36.60
36.60
36.60
36.60
36.60
36.50
36.40
36.30
36.20
36.10
36.00
36.00
36.00
36.00
35.90
35.90
35.90
35.80
35.80
35.80
35.80
35.80
35.80
35.80
35.70
35.70
35.70
35.70
35.70
35.70
35.70
35.60
35.60
35.60
35.60
35.50
35.50
35.50
35.50
35.50
35.50
35.50
35.50
35.40
35.40
35.40
35.40
35.40
35.40
35.40
35.40
35.30
35.30
35.30
35.30
35.20
35.20
35.20
35.20
35.10
35.00
35.00
35.00
35.10
35.10
35.10
35.10
35.00
35.00
35.00
35.00
35.00
35.00
35.00
35.00
34.90
34.90
34.90
34.90
34.90
34.90
35.00
35.00
35.20
35.80
36.50
36.80
37.60
37.80
37.70
37.80
38.30
39.00
39.60
39.50
39.40
39.30
39.10
38.90
38.80
38.60
38.50
38.40
38.30
38.30
38.30
38.40
38.40
38.50
38.50
38.50
38.40
38.40
38.30
38.30
38.30
38.40
38.40
38.40
38.40
38.40
38.40
38.40
38.30
38.30
38.20
38.20
38.20
38.10
38.10
38.10
38.10
38.10
38.10
38.00
38.00
38.00
38.00
38.00
37.90
37.90
37.90
37.80
37.80
37.80
37.80
38.20
39.10
39.30
39.20
39.00
39.00
39.10
39.10
39.20
39.30
39.40
40.30
40.20
39.80
39.50
39.30
39.00
38.90
38.90
38.80
38.70
38.60
38.50
38.40
38.30
38.20
38.20
38.10
38.10
38.00
38.00
37.90
38.10
39.80
39.80
39.50
39.20
39.00
38.80
38.60
38.40
38.30
38.20
38.10
38.00
37.90
37.80
37.80
37.70
37.60
37.60
37.50
37.50
37.40
37.40
37.30
37.30
37.20
37.20
37.20
37.10
37.10
37.10
37.00
37.00
37.00
36.90
36.90
36.90
36.90
36.90
36.80
36.80
36.80
36.80
36.80
36.80
36.70
36.70
36.70
36.60
36.60
36.60
36.50
36.50
36.50
36.50
36.40
36.40
36.40
36.40
36.30
36.30
36.30
36.30
36.20
36.20
36.20
36.20
36.20
36.10
36.10
36.00
36.00
36.00
35.90
35.90
35.90
35.80
35.80
35.80
35.80
35.80
35.70
35.70
35.70
35.70
35.70
35.70
35.60
35.60
35.60
35.60
35.50
35.50
35.40
35.30
35.20
35.20
35.10
35.10
35.00
34.90
34.80
34.70
34.50
34.40
34.20
34.10
34.00
34.00
33.90
33.90
33.90
33.80
33.80
33.80
33.80
33.80
33.80
33.80
33.80
33.80
33.80
33.70
33.70
33.70
33.70
33.70
33.70
33.60
33.60
33.70
33.70
33.70
34.00
35.00
35.00
35.90
36.00
35.90
35.90
35.90
35.90
35.90
35.90
35.80
35.80
35.90
35.90
35.90
35.90
35.90
35.90
35.90
35.90
35.90
35.90
36.00
36.10
36.20
36.30
36.30
36.40
36.40
36.50
36.50
36.60
36.60
36.70
36.70
36.80
36.90
36.90
36.90
36.80
36.80
36.70
36.70
36.60
36.50
36.50
36.50
36.40
36.40
36.30
36.30
36.20
36.20
36.10
36.10
36.10
36.10
36.00
36.00
35.90
35.90
35.90
35.80
35.80
35.70
35.70
35.50
35.50
35.40
35.40
35.40
35.40
35.40
35.30
35.30
35.30
35.30
35.30
35.30
35.30
35.30
35.40
35.30
35.30
35.30
35.30
35.20
35.20
35.20
35.20
35.20
35.20
35.20
35.30
35.40
35.40
35.40
35.50
35.50
35.60
35.60
35.70
35.70
35.70
35.70
35.80
35.70
35.70
35.70
35.70
35.70
35.70
35.60
35.60
35.60
35.50
35.50
35.50
35.40
35.40
35.40
35.40
35.40
35.30
35.30
35.40
35.40
35.40
35.40
35.30
35.30
35.30
35.20
35.20
35.20
35.20
35.30
35.50
35.80
35.90
37.10
39.30
39.10
39.00
38.70
38.40
38.20
38.00
37.80
37.70
37.70
37.60
37.50
37.40
37.30
37.20
37.10
36.90
36.80
36.70
36.60
36.60
36.50
36.40
36.30
36.30
36.20
36.10
36.00
35.90
35.90
36.00
36.10
36.20
36.20
36.20
36.20
36.20
36.10
36.10
36.00
35.90
35.80
35.80
35.80
35.80
35.80
35.80
35.80
35.70
35.70
35.70
35.60
35.60
35.60
35.60
35.60
35.60
35.60
35.60
35.60
35.60
35.50
35.50
35.50
35.50
35.60
35.60
35.60
35.60
35.60
35.60
35.60
35.60
35.60
35.60
35.60
35.60
35.60
35.60
35.70
35.70
35.70
35.70
35.80
35.80
35.80
35.80
35.80
35.70
35.70
35.70
35.70
35.60
35.60
35.60
35.60
35.60
35.60
35.50
35.50
35.50
35.50
35.50
35.50
35.50
35.50
35.60
35.60
35.60
35.60
35.60
35.50
35.50
35.40
35.40
35.40
35.40
35.40
35.40
35.30
35.30
35.30
35.30
35.30
35.30
35.30
35.30
35.30
34.60
35.30
35.30
35.30
35.30
35.30
35.30
35.30
35.30
35.30
35.30
35.30
35.30
35.30
35.30
35.30
35.30
35.30
35.30
35.30
35.30
35.30
35.30
35.30
35.30
35.30
35.30
35.30
35.30
35.30
35.30
35.30
35.30
35.30
35.30
35.30
35.30
35.30
35.30
35.30
35.30
35.30
35.30
35.30
35.30
35.30
35.30
35.30
35.30
35.30
35.30
35.30
35.30
35.30
35.30
35.30
35.30
33.60
33.60
33.60
33.10
33.10
33.10
33.10
33.10
33.10
33.10
33.10
33.10
33.10
33.10
33.10
33.10
33.10
33.10
33.10
33.10
33.10
33.10
33.10
33.10
33.10
33.10
33.10
33.10
33.10
33.10
33.10
33.40
33.40
33.30
33.30
33.30
33.30
33.30
33.30
33.30
33.30
33.30
33.30
33.30
33.30
33.30
33.30
33.30
33.30
33.30
33.30
31.40
31.40
31.40
31.40
31.30
31.30
31.30
31.30
31.30
31.30
31.30
31.20
31.20
31.20
31.20
31.20
31.10
31.10
31.10
31.10
31.00
31.00
31.00
31.00
30.90
30.90
30.90
30.80
30.80
30.80
30.80
30.70
30.70
30.70
30.60
30.60
30.60
30.50
30.50
30.50
30.40
30.40
30.40
30.30
30.30
30.30
30.20
30.20
30.10
30.10
30.10
30.00
30.00
30.00
29.90
29.90
29.80
29.80
29.80
29.70
29.70
29.60
29.60
29.60
29.50
29.50
29.40
29.40
29.40
29.30
29.30
29.20
29.20
29.20
29.10
29.10
29.00
29.00
29.00
28.90
28.90
28.80
28.80
28.80
28.70
28.70
28.60
28.60
28.60
28.50
28.50
28.50
28.40
28.40
28.30
28.30
28.30
28.20
28.20
28.20
28.10
28.10
28.10
28.00
28.00
28.00
27.90
27.90
27.90
27.80
27.80
27.80
27.70
27.70
27.70
27.60
27.60
27.60
27.60
27.50
27.50
27.50
27.50
27.40
27.40
27.40
27.30
27.30
27.30
27.30
27.20
27.20
27.20
27.20
27.20
27.10
27.10
27.10
27.10
27.00
27.00
27.00
27.00
27.00
27.00
26.90
26.90
26.90
26.90
26.90
26.80
26.80
26.80
26.80
26.80
26.80
26.80
26.70
26.70
26.70
26.70
26.70
26.70
26.70
26.70
26.70
26.60
26.60
26.60
26.60
26.60
26.60
26.60
26.60
26.60
26.60
26.60
26.60
26.60
26.60
26.60
26.60
26.60
26.60
26.60
26.60
26.60
26.60
26.60
26.60
26.60
26.60
26.60
26.60
26.60
26.60
26.60
26.60
26.60
26.60
26.60
26.60
26.60
26.60
26.60
26.60
26.60
26.70
26.70
26.70
26.70
26.70
26.70
26.70
26.70
26.70
26.80
26.80
26.80
26.80
26.80
26.80
26.90
26.90
26.90
26.90
26.90
27.00
27.00
27.00
27.00
27.00
27.10
27.10
27.10
27.10
27.10
27.20
27.20
27.20
27.20
27.30
27.30
27.30
27.30
27.40
27.40
27.40
27.40
27.50
27.50
27.50
27.50
27.60
27.60
27.60
27.60
27.70
27.70
27.70
27.70
27.80
27.80
27.80
27.90
27.90
27.90
27.90
28.00
28.00
28.00
28.00
28.10
28.10
28.10
28.20
28.20
28.20
28.20
28.30
28.30
28.30
28.30
28.40
28.40
28.40
28.40
28.50
28.50
28.50
28.50
28.60
28.60
28.60
28.60
28.70
28.70
28.70
28.70
28.70
28.80
28.80
28.80
28.80
28.80
28.90
28.90
28.90
28.90
28.90
29.00
29.00
29.00
29.00
29.00
29.00
29.00
29.10
29.10
29.10
29.10
29.10
29.10
29.10
29.10
29.10
29.20
29.20
29.20
29.20
29.20
29.20
29.20
29.20
29.20
29.20
29.20
29.20
29.20
29.20
29.20
29.20
29.20
29.20
29.20
29.20
29.20
29.20
29.20
29.20
29.20
29.10
29.10
29.10
29.10
29.10
29.10
29.10
29.10
29.10
29.00
29.00
29.00
29.00
29.00
29.00
28.90
28.90
28.90
28.90
28.90
28.90
28.80
28.80
28.80
28.80
28.80
28.70
28.70
28.70
28.70
28.70
28.60
28.60
28.60
28.60
28.50
28.50
28.50
28.50
28.40
28.40
28.40
28.40
28.30
28.30
28.30
28.30
28.20
28.20
28.20
28.10
28.10
28.10
28.10
28.00
28.00
28.00
27.90
27.90
27.90
27.90
27.80
27.80
27.80
27.70
27.70
27.70
27.70
27.60
27.60
27.60
27.50
27.50
27.50
27.50
27.40
27.40
27.40
27.40
27.30
27.30
27.30
27.20
27.20
27.20
27.20
27.10
27.10
27.10
27.10
27.00
27.00
27.00
26.90
26.90
26.90
26.90
26.80
26.80
26.80
26.80
26.80
26.70
26.70
26.70
26.70
26.60
26.60
26.60
26.60
26.60
26.50
26.50
26.50
26.50
26.50
26.40
26.40
26.40
26.40
26.40
26.40
26.30
26.30
26.30
26.30
26.30
26.30
26.30
26.20
26.20
26.20
26.20
26.20
26.20
26.20
26.10
26.10
26.10
26.10
26.10
26.10
26.10
26.10
26.10
26.10
26.00
26.00
26.00
26.00
26.00
26.00
26.00
26.00
26.00
26.00
26.00
26.00
26.00
26.00
26.00
26.00
25.90
25.90
25.90
25.90
25.90
25.90
25.90
25.90
25.90
25.90
25.90
25.90
25.90
25.90
25.90
25.90
25.90
25.90
25.90
25.90
25.90
25.90
25.90
25.90
25.90
25.90
25.90
25.90
25.90
25.90
25.90
26.00
26.00
26.00
26.00
26.00
26.00
26.00
26.00
26.00
26.00
26.00
26.00
26.00
26.00
26.00
26.00
26.00
26.10
26.10
26.10
26.10
26.10
26.10
26.10
26.10
26.10
26.10
26.10
26.20
26.20
26.20
26.20
26.20
26.20
26.20
26.20
26.20
26.30
26.30
26.30
26.30
26.30
26.30
26.30
26.30
26.40
26.40
26.40
26.40
26.40
26.40
26.40
26.40
26.50
26.50
26.50
26.50
26.50
26.50
26.60
26.60
26.60
26.60
26.60
26.60
26.60
26.70
26.70
26.70
26.70
26.70
26.80
26.80
26.80
26.80
26.80
26.80
26.90
26.90
26.90
26.90
26.90
27.00
27.00
27.00
27.00
27.00
27.00
27.10
27.10
27.10
27.10
27.10
27.20
27.20
27.20
27.20
27.20
27.30
27.30
27.30
27.30
27.40
27.40
27.40
27.40
27.40
27.50
27.50
27.50
27.50
27.50
27.60
27.60
27.60
27.60
27.70
27.70
27.70
27.70
27.70
27.80
27.80
27.80
27.80
27.90
27.90
27.90
27.90
28.00
28.00
28.00
28.00
28.10
28.10
28.10
28.10
28.10
28.20
28.20
28.20
28.20
28.30
28.30
28.30
28.30
28.40
28.40
28.40
28.40
28.50
28.50
28.50
28.50
28.60
28.60
28.60
28.60
28.70
28.70
28.70
28.70
28.80
28.80
28.80
28.80
28.90
28.90
28.90
28.90
29.00
29.00
29.00
29.00
29.10
29.10
29.10
29.10
29.20
29.20
29.20
29.20
29.30
29.30
29.30
29.30
29.40
29.40
29.40
29.40
29.50
29.50
29.50
29.50
29.60
29.60
29.60
29.60
29.70
29.70
29.70
29.70
29.80
29.80
29.80
29.80
29.90
29.90
29.90
29.90
30.00
30.00
30.00
30.00
30.10
30.10
30.10
30.10
30.20
30.20
30.20
30.20
30.30
30.30
30.30
30.30
30.40
30.40
30.40
30.40
30.40
30.50
30.50
30.50
30.50
30.60
30.60
30.60
30.60
30.70
30.70
30.70
30.70
30.70
30.80
30.80
30.80
30.80
30.90
30.90
30.90
30.90
30.90
31.00
31.00
31.00
31.00
31.10
31.10
31.10
31.10
31.10
31.20
31.20
31.20
31.20
31.20
31.30
31.30
31.30
31.30
31.30
31.40
31.40
31.40
31.40
31.40
31.50
31.50
31.50
31.50
31.50
31.60
31.60
31.60
31.60
31.60
31.60
31.70
31.70
31.70
31.70
31.70
31.80
31.80
31.80
31.80
31.80
31.80
31.80
31.90
31.90
31.90
31.90
31.90
31.90
32.00
32.00
32.00
32.00
32.00
32.00
32.00
32.10
32.10
32.10
32.10
32.10
32.10
32.10
32.20
32.20
32.20
32.20
32.20
32.20
32.20
32.20
32.30
32.30
32.30
32.30
32.30
32.30
32.30
32.30
32.40
32.40
32.40
32.40
32.40
32.40
32.40
32.40
32.50
32.50
32.50
32.50
32.50
32.50
32.50
32.50
32.50
32.60
32.60
32.60
32.60
32.60
32.60
32.60
32.60
32.60
32.70
32.70
32.70
32.70
32.70
32.70
32.70
32.70
32.70
32.80
32.80
32.80
32.80
32.80
32.80
32.80
32.80
32.80
32.90
32.90
32.90
32.90
32.90
32.90
32.90
32.90
32.90
33.00
33.00
33.00
33.00
33.00
33.00
33.00
33.00
33.00
33.10
33.10
33.10
33.10
33.10
33.10
33.10
33.10
33.20
33.20
33.20
33.20
33.20
33.20
33.20
33.20
33.30
33.30
33.30
33.30
33.30
33.30
33.30
33.40
33.40
33.40
33.40
33.40
33.40
33.40
33.50
33.50
33.50
33.50
33.50
33.50
33.50
33.60
33.60
33.60
33.60
33.60
33.60
33.60
33.70
33.70
33.70
33.70
33.70
33.70
33.80
33.80
33.80
33.80
33.80
33.80
33.90
33.90
33.90
33.90
33.90
33.90
33.90
34.00
34.00
34.00
34.00
34.00
34.00
34.10
34.10
34.10
34.10
34.10
34.10
34.20
34.20
34.20
34.20
34.20
34.20
34.30
34.30
34.30
34.30
34.30
34.30
34.30
34.40
34.40
34.40
34.40
34.40
34.40
34.50
34.50
34.50
34.50
34.50
34.50
34.60
34.60
34.60
34.60
34.60
34.60
34.60
34.70
34.70
34.70
34.70
34.70
34.70
34.80
34.80
34.80
34.80
34.80
34.80
34.80
34.90
34.90
34.90
34.90
34.90
34.90
34.90
34.90
35.00
35.00
35.00
35.00
35.00
35.00
35.00
35.10
35.10
35.10
35.10
35.10
35.10
35.10
35.10
35.20
35.20
35.20
35.20
35.20
35.20
35.20
35.20
35.20
35.30
35.30
35.30
35.30
35.30
35.30
35.30
35.30
35.30
35.30
35.30
35.40
35.40
35.40
35.40
35.40
35.40
35.40
35.40
35.40
35.40
35.40
35.40
35.40
35.40
35.50
35.50
35.50
35.50
35.50
35.50
35.50
35.50
35.50
35.50
35.50
35.50
35.50
35.50
35.50
35.50
35.50
35.50
35.50
35.50
35.50
35.50
35.50
35.50
35.50
35.50
35.50
35.50
35.50
35.50
35.50
35.50
35.50
35.50
35.50
35.50
35.50
35.50
35.40
35.40
35.40
35.40
35.40
35.40
35.40
35.40
35.40
35.40
35.40
35.30
35.30
35.30
35.30
35.30
35.30
35.30
35.30
35.20
35.20
35.20
35.20
35.20
35.20
35.20
35.10
35.10
35.10
35.10
35.10
35.00
35.00
35.00
35.00
35.00
34.90
34.90
34.90
34.90
34.80
34.80
34.80
34.80
34.70
34.70
34.70
34.70
34.60
34.60
34.60
34.60
34.50
34.50
34.50
34.40
34.40
34.40
34.30
34.30
34.30
34.20
34.20
34.20
34.10
34.10
34.10
34.00
34.00
34.00
33.90
33.90
33.90
33.80
33.80
33.70
33.70
33.70
33.60
33.60
33.60
33.50
33.50
33.40
33.40
33.40
33.30
33.30
33.30
33.20
33.20
33.10
33.10
33.10
33.00
33.00
33.00
32.90
32.90
32.80
32.80
32.80
32.70
32.70
32.70
32.60
32.60
32.50
32.50
32.50
32.40
32.40
32.40
32.30
32.30
32.30
32.20
32.20
32.20
32.10
32.10
32.00
32.00
32.00
32.00
31.90
31.90
31.90
31.80
31.80
31.80
31.70
31.70
31.70
31.60
31.60
31.60
31.60
31.50
31.50
31.50
31.50
31.40
31.40
31.40
31.40
31.30
31.30
31.30
31.30
31.30
31.20
31.20
31.20
31.20
31.20
31.20
31.10
31.10
31.10
31.10
31.10
31.10
31.10
31.10
31.00
31.00
31.00
31.00
31.00
31.00
31.00
31.00
31.00
31.00
31.00
31.00
31.00
31.00
31.00
31.00
31.00
31.00
31.00
31.00
31.00
31.00
31.00
31.00
31.00
31.00
31.00
31.00
31.00
31.10
31.10
31.10
31.10
31.10
31.10
31.10
31.10
31.10
31.10
31.10
31.20
31.20
31.20
31.20
31.20
31.20
31.20
31.20
31.20
31.30
31.30
31.30
31.30
31.30
31.30
31.30
31.30
31.40
31.40
31.40
31.40
31.40
31.40
31.40
31.40
31.50
31.50
31.50
31.50
31.50
31.50
31.50
31.50
31.60
31.60
31.60
31.60
31.60
31.60
31.60
31.60
31.60
31.70
31.70
31.70
31.70
31.70
31.70
31.70
31.70
31.70
31.70
31.70
31.70
31.70
31.70
31.70
31.70
31.70
31.80
31.80
31.80
31.80
31.80
31.80
31.80
31.80
31.80
31.70
31.70
31.70
31.70
31.70
31.70
31.70
31.70
31.70
31.70
31.70
31.70
31.70
31.60
31.60
31.60
31.60
31.60
31.60
31.60
31.50
31.50
31.50
31.50
31.50
31.40
31.40
31.40
31.40
31.40
31.30
31.30
31.30
31.30
31.30
31.20
31.20
31.20
31.20
31.10
31.10
31.10
31.00
31.00
31.00
31.00
30.90
30.90
30.90
30.90
30.80
30.80
30.80
30.70
30.70
30.70
30.70
30.60
30.60
30.60
30.50
30.50
30.50
30.50
30.40
30.40
30.40
30.40
30.30
30.30
30.30
30.20
30.20
30.20
30.20
30.10
30.10
30.10
30.10
30.00
30.00
30.00
30.00
30.00
29.90
29.90
29.90
29.90
29.90
29.80
29.80
29.80
29.80
29.80
29.70
29.70
29.70
29.70
29.70
29.70
29.70
29.60
29.60
29.60
29.60
29.60
29.60
29.60
29.60
29.60
29.60
29.60
29.60
29.60
29.60
29.60
29.60
29.60
29.60
29.60
29.60
29.60
29.60
29.60
29.60
29.60
29.60
29.70
29.70
29.70
29.70
29.70
29.70
29.80
29.80
29.80
29.80
29.80
29.90
29.90
29.90
30.00
30.00
30.00
30.10
30.10
30.10
30.20
30.20
30.20
30.30
30.30
30.30
30.40
30.40
30.50
30.50
30.50
30.60
30.60
30.70
30.70
30.80
30.80
30.90
30.90
31.00
31.00
31.10
31.10
31.20
31.20
31.30
31.30
31.40
31.40
31.50
31.50
31.60
31.60
31.70
31.70
31.80
31.80
31.90
31.90
32.00
32.00
32.10
32.10
32.20
32.30
32.30
32.40
32.40
32.50
32.50
32.60
32.60
32.70
32.70
32.80
32.80
32.90
32.90
33.00
33.00
33.10
33.10
33.20
33.20
33.30
33.30
33.40
33.40
33.50
33.50
33.60
33.60
33.70
33.70
33.80
33.80
33.80
33.90
33.90
34.00
34.00
34.00
34.10
34.10
34.10
34.20
34.20
34.20
34.30
34.30
34.30
34.40
34.40
34.40
34.50
34.50
34.50
34.50
34.50
34.60
34.60
34.60
34.60
34.60
34.70
34.70
34.70
34.70
34.70
34.70
34.70
34.70
34.70
34.70
34.70
34.70
34.70
34.70
34.70
34.70
34.70
34.70
34.70
34.70
34.70
34.70
34.70
34.70
34.70
34.70
34.60
34.60
34.60
34.60
34.60
34.60
34.50
34.50
34.50
34.50
34.50
34.50
34.40
34.40
34.40
34.40
34.40
34.30
34.30
34.30
34.30
34.20
34.20
34.20
34.20
34.10
34.10
34.10
34.10
34.00
34.00
34.00
33.90
33.90
33.90
33.90
33.80
33.80
33.80
33.70
33.70
33.70
33.70
33.60
33.60
33.60
33.50
33.50
33.50
33.50
33.40
33.40
33.40
33.40
33.30
33.30
33.30
33.20
33.20
33.20
33.20
33.10
33.10
33.10
33.10
33.00
33.00
33.00
33.00
33.00
32.90
32.90
32.90
32.90
32.90
32.80
32.80
32.80
32.80
32.80
32.80
32.70
32.70
32.70
32.70
32.70
32.70
32.70
32.70
32.70
32.60
32.60
32.60
32.60
32.60
32.60
32.60
32.60
32.60
32.60
32.60
32.60
32.60
32.60
32.60
32.70
32.70
32.70
32.70
32.70
32.70
32.70
32.70
32.70
32.70
32.80
32.80
32.80
32.80
32.80
32.80
32.80
32.90
32.90
32.90
32.90
32.90
33.00
33.00
33.00
33.00
33.00
33.10
33.10
33.10
33.10
33.10
33.20
33.20
33.20
33.20
33.30
33.30
33.30
33.30
33.40
33.40
33.40
33.40
33.50
33.50
33.50
33.50
33.60
33.60
33.60
33.60
33.70
33.70
33.70
33.70
33.80
33.80
33.80
33.80
33.90
33.90
33.90
33.90
34.00
34.00
34.00
34.00
34.00
34.10
34.10
34.10
34.10
34.20
34.20
34.20
34.20
34.20
34.20
34.30
34.30
34.30
34.30
34.30
34.30
34.40
34.40
34.40
34.40
34.40
34.40
34.40
34.50
34.50
34.50
34.50
34.50
34.50
34.50
34.50
34.50
34.50
34.50
34.50
34.50
34.50
34.50
34.50
34.50
34.50
34.50
34.50
34.50
34.50
34.50
34.50
34.50
34.50
34.40
34.40
34.40
34.40
34.40
34.40
34.40
34.30
34.30
34.30
34.30
34.30
34.30
34.20
34.20
34.20
34.20
34.10
34.10
34.10
34.10
34.00
34.00
34.00
34.00
33.90
33.90
33.90
33.90
33.80
33.80
33.80
33.70
33.70
33.70
33.60
33.60
33.60
33.50
33.50
33.50
33.40
33.40
33.40
33.30
33.30
33.30
33.20
33.20
33.20
33.10
33.10
33.10
33.00
33.00
32.90
32.90
32.90
32.80
32.80
32.80
32.70
32.70
32.70
32.60
32.60
32.50
32.50
32.50
32.40
32.40
32.40
32.30
32.30
32.30
32.20
32.20
32.10
32.10
32.10
32.00
32.00
32.00
31.90
31.90
31.90
31.80
31.80
31.80
31.70
31.70
31.70
31.60
31.60
31.60
31.60
31.50
33.60
33.80
33.70
33.70
33.60
33.50
33.50
33.50
33.50
33.40
33.40
33.40
33.40
33.40
33.40
33.30
33.30
33.30
33.30
33.30
33.20
33.20
33.10
33.10
33.00
32.90
32.90
32.80
32.70
32.70
32.70
32.70
32.60
32.60
32.60
32.60
32.60
32.60
32.60
32.50
32.50
32.50
32.50
32.50
32.50
32.40
32.40
32.30
32.30
32.20
32.10
32.10
32.00
31.90
31.90
31.90
31.90
31.90
31.90
31.80
31.80
31.80
31.80
31.80
31.80
31.80
31.70
31.70
31.70
31.70
31.70
31.60
31.60
31.50
31.40
31.40
31.30
31.30
31.30
31.20
31.20
31.20
31.20
31.20
31.20
31.20
31.20
31.20
31.20
31.10
31.00
31.20
31.40
31.50
31.60
31.60
31.70
31.60
31.60
31.60
31.60
31.50
31.50
31.50
31.50
31.50
31.50
31.50
31.60
31.60
31.60
31.60
31.60
31.60
31.60
31.60
31.60
31.60
31.60
31.60
31.60
31.50
31.50
31.50
31.40
33.80
34.70
34.60
35.00
34.90
34.70
41.20
38.60
38.00
37.70
37.50
37.30
37.20
37.00
37.00
38.00
37.80
37.80
37.70
37.50
37.40
37.30
37.20
37.10
37.10
37.00
36.90
36.80
36.80
36.70
36.60
36.60
36.50
36.40
36.40
36.30
36.30
36.20
36.20
36.20
36.10
36.10
36.00
36.00
36.80
37.00
36.90
36.70
36.30
39.00
38.20
37.80
37.90
36.70
36.60
36.50
40.20
39.40
38.00
37.70
38.10
37.80
37.50
37.40
37.30
37.20
37.10
37.10
37.20
37.20
37.10
37.00
36.90
37.00
37.40
37.90
37.70
37.60
37.40
37.50
42.10
40.60
39.50
39.00
38.90
38.90
39.00
45.80
42.70
41.00
40.00
39.50
39.10
38.80
38.60
39.80
39.50
39.40
39.10
39.00
38.80
38.70
38.50
38.40
38.20
38.10
38.00
37.90
37.90
37.80
37.70
37.60
37.60
37.50
37.40
37.30
37.30
37.20
37.10
37.00
36.90
36.90
36.80
36.80
36.70
36.70
36.70
36.60
36.60
36.60
36.50
36.50
36.40
36.40
36.40
36.40
36.30
36.30
36.30
36.20
36.10
36.00
36.00
35.90
35.80
35.70
35.70
35.60
35.60
35.60
35.60
35.60
35.60
35.50
35.50
35.50
35.50
35.50
35.40
35.40
35.40
35.40
35.30
35.20
35.10
35.00
34.90
34.80
34.80
34.70
34.70
34.70
34.70
34.60
34.60
34.60
34.60
34.60
34.60
34.60
34.50
34.40
34.40
34.40
34.40
34.40
34.30
34.30
34.20
34.10
34.10
34.00
34.00
33.90
33.90
33.90
33.90
33.90
33.90
33.90
33.80
33.80
33.80
33.80
33.80
33.80
33.80
33.80
33.80
33.80
33.70
33.60
33.60
33.50
33.40
33.30
33.30
33.30
33.20
33.20
33.20
33.20
33.20
33.20
33.20
33.20
33.20
33.20
33.20
33.20
33.20
33.20
33.20
33.20
33.20
33.20
39.90
39.20
37.50
36.90
36.50
36.30
36.10
36.00
35.90
35.80
35.80
35.80
35.80
35.80
35.80
35.70
35.80
44.60
39.20
38.50
38.10
37.60
37.30
37.20
37.10
37.00
36.80
36.70
36.60
36.90
36.90
36.80
45.20
41.30
44.00
41.80
40.60
39.80
39.20
38.90
44.00
41.50
39.90
39.40
39.10
38.80
38.60
38.40
38.30
38.10
38.00
37.90
37.80
37.70
37.60
37.50
37.50
37.40
37.40
37.30
37.30
37.20
37.20
37.20
37.10
37.10
37.00
37.00
37.00
36.90
36.90
36.90
36.90
36.80
36.80
36.80
36.80
36.70
36.70
36.70
36.60
36.60
36.60
36.60
36.60
36.50
36.50
36.50
36.40
36.40
36.40
36.40
36.40
36.30
36.30
36.30
36.30
36.20
36.20
36.10
36.10
36.00
36.00
36.00
36.00
36.00
36.00
35.90
35.90
35.90
35.90
35.90
35.90
35.90
35.90
35.90
35.90
35.90
35.90
35.90
35.80
35.90
37.30
45.90
41.20
40.00
39.40
39.10
38.90
38.70
38.60
38.50
38.40
38.20
38.10
38.00
37.90
37.80
37.70
37.70
37.60
37.60
37.50
37.40
37.30
37.30
37.20
37.10
37.10
37.00
37.00
37.00
37.00
37.00
36.90
36.90
36.80
36.70
36.70
36.60
36.60
36.60
36.70
36.80
36.90
36.90
36.90
36.90
36.80
36.80
36.70
37.40
37.90
37.80
37.70
37.70
37.60
37.50
37.40
37.40
37.30
37.30
37.20
37.10
37.10
37.00
37.00
36.90
36.90
36.90
36.80
36.80
36.80
36.70
36.60
36.50
36.50
36.40
36.40
36.40
36.40
36.40
36.40
36.30
36.30
36.30
36.30
36.30
36.30
36.30
36.20
36.20
36.20
36.20
36.20
36.20
36.10
36.00
36.00
35.90
35.90
35.80
35.80
35.80
35.80
35.80
35.70
35.70
35.70
35.70
35.70
35.70
35.70
35.70
35.70
35.70
35.60
35.60
35.60
35.50
35.50
35.40
35.30
35.30
35.20
35.20
35.20
35.20
35.20
35.20
35.20
35.20
35.20
35.20
35.20
35.20
35.20
35.20
35.20
35.20
35.10
35.10
35.10
35.00
34.90
34.80
34.80
34.70
34.70
34.60
34.60
34.60
34.60
34.60
34.60
34.60
34.60
34.60
34.60
34.60
34.60
34.60
34.60
34.60
34.60
34.60
34.50
34.40
34.40
34.30
34.20
34.20
34.70
34.80
34.80
34.80
34.80
34.80
34.80
34.80
34.80
34.80
35.00
35.00
35.00
35.00
35.00
35.00
35.00
34.90
34.90
34.90
34.90
34.80
34.80
34.70
42.70
40.60
39.10
38.50
38.20
37.90
37.70
37.60
37.50
37.40
37.30
37.20
37.20
37.10
37.10
37.00
37.00
37.00
36.90
36.90
36.80
36.70
36.60
36.60
36.60
36.40
36.40
36.40
36.40
36.40
36.40
36.30
36.30
36.30
36.30
36.30
36.20
36.20
36.20
36.20
36.20
36.10
36.00
35.90
35.80
35.80
35.70
35.60
36.70
38.40
37.70
37.80
37.70
37.50
37.40
37.30
37.30
37.20
37.10
37.10
37.00
37.00
37.00
36.90
36.90
36.80
36.70
36.60
36.40
36.30
36.30
40.30
42.80
41.60
40.40
39.80
39.50
39.30
39.20
39.10
39.00
38.90
38.80
38.80
38.60
38.60
38.50
38.40
38.40
38.40
38.50
38.50
38.50
38.50
38.50
38.50
38.50
38.50
38.60
38.50
38.60
38.70
38.70
38.60
38.60
38.60
38.50
39.50
41.20
40.80
40.60
40.40
40.40
40.40
40.10
39.90
39.90
40.80
41.40
40.70
40.20
39.90
42.40
41.80
41.00
40.50
40.20
39.90
39.80
39.60
39.50
39.40
39.30
39.20
39.10
39.10
39.00
39.00
39.00
39.00
39.00
39.00
38.90
38.90
38.90
49.00
44.90
44.60
44.10
43.40
42.90
42.50
42.30
42.10
41.90
41.80
41.70
41.60
41.60
45.50
43.50
43.00
42.70
42.50
42.30
42.20
42.10
42.00
41.90
41.80
41.70
41.50
41.40
41.10
41.30
41.20
41.20
41.20
41.10
41.10
41.00
41.00
41.00
40.90
40.90
40.90
40.80
40.80
40.70
40.70
41.10
41.10
41.10
41.10
41.10
41.00
41.00
41.00
41.00
41.00
41.00
40.90
40.90
40.90
40.90
40.80
40.80
40.70
40.70
40.70
40.60
40.50
40.40
40.30
40.20
40.10
40.00
40.00
40.00
40.00
40.00
40.00
40.00
40.00
40.00
39.90
39.90
39.90
39.90
39.90
39.90
39.80
39.80
39.70
39.60
39.60
39.50
39.40
39.30
39.20
39.10
39.10
39.10
39.10
39.00
39.10
39.00
39.00
39.00
39.00
39.00
39.00
39.10
39.10
39.10
39.10
39.00
39.00
38.90
38.80
38.70
38.60
38.60
38.50
38.50
38.40
38.40
38.40
38.40
38.40
38.40
38.40
38.40
38.40
38.20
38.30
38.30
38.30
38.30
38.30
38.20
38.20
38.10
37.90
37.80
37.70
37.60
37.50
37.40
37.40
37.40
37.40
37.40
37.40
37.40
37.40
37.10
37.00
37.00
36.90
36.80
36.80
36.70
36.70
36.60
36.60
36.50
36.50
36.40
36.40
36.30
36.30
36.20
36.20
36.10
36.10
36.00
36.00
35.90
35.90
35.80
35.80
35.70
35.70
35.60
35.60
35.50
35.50
35.40
35.40
35.30
35.30
35.20
35.20
35.10
35.10
35.00
35.00
34.90
34.90
34.80
34.80
34.70
34.70
34.70
34.60
34.60
34.50
34.50
34.40
34.40
34.30
34.30
34.20
34.20
34.20
34.10
34.10
34.00
34.00
33.90
33.90
33.90
33.80
33.80
33.70
33.70
33.70
34.70
34.70
34.70
34.70
34.70
34.70
34.70
34.70
34.70
34.70
34.70
34.70
34.70
34.70
34.70
34.70
35.90
35.90
35.90
36.10
35.50
36.00
35.60
34.80
34.80
34.70
34.70
34.70
34.70
34.70
34.70
34.80
34.80
35.00
35.00
35.00
34.90
34.70
34.60
34.50
34.40
34.40
34.40
34.40
34.40
34.30
34.30
34.30
34.20
34.20
34.00
34.00
33.90
33.80
33.80
33.80
33.80
33.80
33.80
33.80
33.70
33.60
33.60
33.50
33.40
33.30
33.30
33.30
33.20
35.80
35.70
34.30
33.30
33.60
33.40
33.60
33.50
33.40
33.40
32.80
32.70
33.20
33.30
33.30
33.30
33.10
33.00
32.90
32.80
32.70
32.60
33.80
33.20
32.80
32.90
32.60
32.50
32.50
32.70
32.60
32.70
32.70
32.60
32.60
32.70
32.60
32.60
32.40
32.40
32.20
32.20
31.90
31.80
31.70
31.90
31.60
31.70
31.60
31.60
31.60
31.60
31.60
31.60
31.80
31.60
32.10
31.80
31.90
31.80
31.90
31.80
31.80
31.70
31.60
31.60
31.40
31.30
31.20
31.20
31.20
31.20
31.10
31.20
31.30
31.20
31.20
31.10
31.10
31.10
31.10
31.10
31.10
31.10
31.10
31.20
31.00
31.00
30.90
30.70
30.70
30.60
30.60
30.70
30.70
30.60
30.60
30.70
30.70
30.70
30.60
30.60
30.60
30.50
30.50
30.70
30.90
30.80
30.80
30.80
30.70
30.80
30.70
30.70
30.80
30.70
30.60
30.50
30.40
30.40
30.40
30.40
30.40
30.40
30.40
30.40
30.40
30.40
30.40
30.40
30.40
30.40
30.40
36.40
37.70
37.20
36.80
36.50
36.20
36.40
36.20
36.10
35.90
35.80
35.70
35.60
35.60
35.50
35.40
35.40
35.40
35.40
35.30
35.30
35.30
35.30
35.30
35.20
35.20
35.20
35.10
35.00
35.00
34.90
34.80
34.80
34.70
34.70
34.70
34.80
34.80
34.80
34.80
34.80
34.80
34.80
34.90
34.90
34.90
34.90
34.90
35.00
35.00
32.80
31.40
30.80
30.50
30.30
30.20
30.00
29.90
29.80
29.70
29.80
29.80
29.80
29.80
29.70
29.70
29.60
29.60
29.50
29.50
29.40
29.40
29.30
29.30
29.20
29.20
29.10
29.00
28.80
28.70
28.60
28.70
28.60
28.60
28.60
28.60
28.60
28.60
28.60
28.60
28.60
28.50
28.50
28.50
28.50
28.50
28.40
28.40
28.30
28.20
28.10
28.00
28.00
27.90
27.80
27.80
27.80
27.80
27.80
27.80
27.80
27.70
27.70
27.70
27.70
27.70
27.70
27.70
27.70
27.70
27.70
27.70
27.60
27.50
27.40
27.30
27.20
27.10
27.00
27.00
27.00
27.00
26.90
26.90
26.90
26.80
26.80
26.90
26.80
26.70
26.90
27.00
26.80
26.80
27.10
27.10
26.80
26.70
27.00
30.00
29.80
29.50
29.40
29.20
29.20
29.20
29.00
29.00
28.80
28.90
28.90
28.60
28.60
28.70
28.60
28.60
28.50
28.40
28.50
28.50
32.20
32.90
31.90
31.30
31.10
30.70
30.70
30.50
30.50
30.40
30.30
30.10
30.10
30.00
29.80
29.90
29.70
29.80
29.80
29.90
29.80
29.80
29.70
29.70
29.60
29.50
29.70
29.70
30.00
30.00
32.40
31.70
31.40
31.10
30.90
30.80
30.70
30.60
30.60
30.50
30.30
30.30
30.30
30.20
30.10
30.10
30.00
29.90
29.90
29.80
29.70
29.50
29.70
29.70
29.60
29.50
29.50
29.40
29.30
29.40
29.30
29.00
29.20
29.00
29.10
29.10
29.10
29.40
29.10
29.10
29.10
29.00
29.10
29.30
29.10
29.00
28.70
28.60
28.50
28.60
28.50
28.10
28.50
28.50
28.30
28.50
28.40
28.40
28.30
28.40
28.10
28.40
28.30
28.10
28.40
28.40
28.30
28.10
27.90
27.90
27.70
28.30
28.40
28.40
28.40
28.10
28.20
28.40
28.20
27.80
27.90
28.20
27.90
27.90
28.00
27.80
28.00
28.00
28.10
28.10
28.00
27.90
28.10
28.00
28.10
27.90
28.00
31.00
31.10
30.80
31.00
30.80
30.60
30.10
30.20
30.00
30.20
29.90
29.90
30.00
29.50
29.80
30.00
29.80
34.00
32.10
31.40
31.30
31.00
30.80
30.70
30.60
30.40
30.20
30.40
30.70
30.40
30.10
30.10
30.30
30.00
30.20
29.90
29.50
29.30
29.60
29.60
29.20
29.20
29.60
29.00
29.20
28.90
29.00
29.40
29.30
29.00
29.20
28.80
28.80
28.70
29.10
28.80
28.60
29.10
29.20
29.10
28.60
28.50
28.80
28.70
28.50
28.70
28.40
28.60
28.30
28.30
28.60
28.40
28.50
28.20
28.60
28.20
28.40
28.60
28.60
28.40
28.30
28.40
28.60
28.50
28.70
28.50
28.50
28.80
28.50
28.50
28.80
28.30
28.40
28.20
28.10
28.20
28.40
28.50
28.10
28.10
28.50
33.00
33.00
33.00
33.00
33.00
33.00
33.00
33.00
33.00
33.00
33.00
32.90
32.90
32.90
32.80
32.70
32.80
32.50
32.40
32.40
32.40
32.40
32.40
32.40
32.40
32.40
32.50
32.50
32.50
32.50
32.50
32.50
32.50
32.50
32.50
32.40
32.40
32.40
32.50
35.00
34.50
34.40
34.50
34.40
34.10
34.10
34.00
34.00
33.90
33.90
33.90
33.80
33.70
33.70
33.70
33.70
33.70
33.60
33.60
33.50
33.40
33.30
33.20
33.20
33.10
33.10
33.10
33.10
33.10
33.10
33.10
33.10
33.10
33.10
33.10
33.10
33.10
33.10
33.10
33.10
33.10
33.00
33.00
32.90
32.90
32.80
32.70
32.70
32.60
32.60
32.60
32.60
32.60
32.60
32.60
32.60
32.60
32.60
32.60
32.60
32.60
32.60
32.60
32.60
32.60
32.60
32.60
32.50
32.40
32.30
32.20
32.20
32.10
32.10
32.80
33.10
33.30
33.40
33.50
33.40
33.40
33.40
33.60
33.50
33.40
33.40
33.40
33.40
33.40
33.40
33.40
33.50
33.50
33.50
33.40
33.40
33.40
33.30
33.40
33.30
33.40
33.40
33.40
33.40
33.40
33.40
34.10
34.20
34.10
34.20
34.20
34.30
34.30
34.30
34.30
34.20
34.10
34.00
33.90
33.90
33.80
33.80
33.80
33.80
33.80
33.80
33.70
33.70
33.70
33.80
33.80
34.10
34.20
34.20
34.10
34.10
34.10
34.20
34.10
34.30
34.10
34.10
34.20
34.00
34.00
34.00
33.90
33.80
34.10
34.00
34.00
34.00
34.00
34.10
34.20
34.10
34.60
33.90
33.90
33.90
33.90
33.90
33.80
33.60
33.50
33.40
33.30
33.30
33.30
33.30
33.60
33.50
34.10
35.00
33.70
33.50
33.50
33.50
33.30
33.40
33.20
33.20
33.30
33.30
33.40
33.40
33.30
33.30
33.20
33.00
32.90
32.80
33.10
33.10
33.00
32.90
32.70
32.60
32.80
32.70
32.10
32.10
32.10
32.10
32.10
32.10
32.10
32.10
32.10
32.10
32.10
32.10
32.10
32.10
32.10
32.10
32.10
32.10
32.10
32.10
32.10
32.10
32.10
32.30
32.50
32.60
32.70
32.60
32.70
32.80
32.70
32.80
32.70
32.80
32.90
32.90
32.80
32.80
32.50
32.40
32.40
32.30
32.50
32.30
32.20
32.30
32.30
32.60
32.60
32.60
32.60
32.60
32.50
32.60
32.60
32.40
32.50
32.40
32.40
32.20
32.10
31.90
31.70
31.50
31.50
31.50
31.60
31.70
31.80
31.80
31.80
31.80
31.80
31.90
31.50
31.80
32.00
31.90
31.90
31.90
32.00
31.80
31.70
31.10
31.00
30.70
30.60
30.60
30.90
30.60
30.60
30.60
30.70
30.70
30.60
30.80
30.50
30.60
30.80
30.20
30.50
30.40
30.20
30.20
30.40
30.20
29.80
29.90
29.80
34.00
33.80
33.60
33.30
33.20
32.70
32.80
33.00
32.70
32.90
32.70
32.90
32.90
32.60
32.80
32.90
32.70
32.70
32.60
32.60
32.60
32.50
32.40
32.30
32.20
32.30
32.40
32.40
32.20
32.50
32.20
32.00
32.00
32.20
32.20
32.20
32.10
32.20
32.30
32.00
32.20
32.20
32.10
32.10
32.20
32.00
32.00
32.20
32.80
33.60
33.20
33.20
33.10
32.90
32.90
32.90
33.10
33.20
33.50
33.20
33.20
33.10
33.30
33.20
33.10
32.90
33.10
32.80
33.10
32.50
32.50
32.10
32.20
32.30
32.00
31.90
31.60
31.80
31.40
31.70
31.80
31.70
31.70
31.80
31.90
32.00
32.00
32.10
31.90
31.90
31.90
32.10
32.30
32.30
39.60
37.30
36.40
36.10
37.90
37.20
36.50
36.10
35.90
35.60
35.70
35.50
35.40
35.40
35.20
35.20
35.10
35.00
34.80
34.80
34.80
34.80
34.70
34.60
34.50
34.60
34.70
34.40
34.50
34.30
34.40
34.40
34.30
34.30
34.80
34.20
34.60
34.30
34.40
34.20
34.50
34.50
34.00
34.00
34.00
34.00
34.00
34.00
33.90
33.70
33.60
33.70
33.70
33.00
33.50
33.60
33.60
33.30
33.30
33.30
33.60
33.70
33.70
33.60
33.70
33.70
33.80
33.90
33.60
34.20
33.90
33.50
33.50
33.30
33.20
33.10
33.10
33.30
32.80
33.10
32.90
33.00
33.10
33.20
33.20
33.10
33.70
33.60
33.80
33.80
33.90
33.70
34.50
33.70
33.90
34.00
33.80
33.50
33.40
33.40
33.20
33.20
33.20
33.10
33.30
32.90
33.00
32.70
32.80
32.80
32.80
32.80
32.80
32.80
32.90
32.90
32.90
32.90
33.00
33.00
33.20
33.10
33.20
33.50
33.60
33.50
33.50
33.70
33.70
33.60
33.70
33.90
33.90
33.80
33.70
33.70
33.70
34.10
34.00
33.60
33.90
33.90
33.80
33.80
34.20
34.10
33.60
33.60
33.60
33.50
33.50
33.70
33.80
33.60
33.50
33.60
33.50
33.60
33.60
33.60
33.50
33.40
33.80
33.50
33.70
33.50
33.50
33.70
33.20
33.40
33.00
33.30
33.20
36.90
37.60
36.70
36.20
36.00
35.40
35.30
35.30
35.30
35.40
35.30
35.30
35.40
35.30
35.20
35.10
35.10
35.20
35.10
34.90
34.80
34.80
34.70
34.60
34.60
34.80
34.60
34.70
34.70
34.70
34.80
34.90
34.90
34.80
34.90
35.00
34.90
35.20
34.90
35.20
35.10
35.00
34.80
34.70
34.70
34.50
34.20
34.10
34.10
33.80
33.80
34.10
34.20
34.40
34.10
34.20
34.10
34.20
33.90
34.10
34.00
33.90
33.90
34.00
34.00
34.00
33.70
33.80
33.50
33.50
33.40
33.10
33.20
33.20
33.20
33.20
33.40
33.50
33.50
33.50
33.50
33.40
33.50
33.60
33.50
33.50
33.50
33.40
33.20
33.10
32.90
32.70
32.50
32.20
32.10
32.00
31.80
31.80
31.50
31.80
32.00
31.80
31.40
31.40
31.40
31.60
31.50
31.90
31.90
31.70
31.90
32.10
32.10
32.10
31.90
31.80
31.70
31.70
31.10
31.20
31.20
31.10
31.20
31.30
31.50
31.50
31.40
31.50
31.60
31.50
31.30
31.60
31.80
31.80
31.90
31.80
31.70
31.50
31.40
31.70
31.30
31.10
30.90
31.00
30.60
30.90
30.50
30.60
30.50
30.50
30.40
30.20
30.40
30.50
30.50
30.40
30.60
30.60
30.50
30.60
30.50
30.50
30.40
30.00
30.00
29.90
29.50
29.40
29.40
29.40
29.50
29.30
29.40
29.50
29.20
29.40
29.20
29.70
29.50
29.50
29.50
29.40
29.40
29.40
29.60
29.60
29.50
29.50
29.50
29.70
29.60
31.80
39.00
39.70
39.10
40.30
40.20
41.30
39.90
39.70
39.80
40.70
41.10
39.30
38.80
38.30
38.30
37.90
38.00
37.80
37.60
37.90
37.90
37.80
37.80
37.60
37.30
37.60
37.30
37.00
37.10
37.30
37.10
37.20
37.00
37.00
36.90
36.90
37.00
37.00
37.00
36.90
37.00
36.70
36.90
36.90
36.60
36.40
36.50
36.40
36.20
36.20
36.20
36.10
36.20
36.40
36.20
36.20
35.90
35.90
36.10
36.00
36.30
36.40
36.60
36.50
36.30
36.10
36.00
36.20
36.00
35.60
35.40
35.30
30.00
27.60
26.80
26.60
26.50
26.10
26.50
26.80
27.10
27.40
27.50
27.50
27.50
27.70
27.90
27.90
27.80
27.60
27.20
26.90
26.80
26.90
26.80
27.00
26.90
26.70
26.50
26.30
26.10
26.20
26.20
26.20
26.20
26.20
26.20
26.10
26.30
26.20
26.20
26.20
26.10
25.80
25.40
24.60
34.20
32.90
31.70
30.60
29.10
28.10
27.30
26.80
26.70
26.50
26.70
26.90
26.90
26.70
26.60
26.40
27.30
28.80
28.00
27.00
27.00
27.00
27.00
27.00
27.00
27.00
27.00
27.00
27.00
27.00
27.00
27.00
27.00
27.00
27.00
27.00
27.40
27.20
27.10
27.00
27.00
27.00
26.90
26.80
26.70
26.70
26.70
26.80
26.80
26.80
26.70
26.70
26.70
26.60
26.50
26.40
26.30
26.00
26.10
26.10
26.10
26.10
26.00
26.00
25.40
25.30
27.00
25.40
26.30
27.50
27.30
27.00
26.30
26.80
25.50
27.30
27.30
27.80
25.90
24.20
25.80
27.60
27.70
27.60
27.80
27.60
27.50
28.60
28.60
28.30
27.70
27.60
27.40
27.20
26.70
26.60
26.40
26.50
26.10
27.70
28.10
27.40
28.70
28.10
27.40
27.10
26.90
26.80
26.50
26.70
26.40
26.20
26.50
26.00
25.40
25.60
25.30
25.80
25.90
25.80
25.70
25.70
26.10
26.10
25.80
25.90
25.60
24.70
25.30
25.30
25.90
25.60
25.90
24.80
24.80
24.80
24.80
24.80
24.80
24.80
24.80
24.80
24.80
24.80
24.80
24.80
24.80
24.80
24.80
24.80
24.80
24.80
24.80
24.80
24.80
24.80
24.80
24.80
24.80
24.80
24.80
24.80
24.80
24.80
24.80
24.80
24.80
24.80
24.10
24.10
24.10
24.10
24.10
24.10
24.10
24.10
24.10
24.10
24.10
24.10
24.10
22.80
22.80
22.80
22.80
22.80
22.80
22.80
22.80
22.80
22.80
22.80
22.80
23.40
23.40
23.40
23.40
23.40
23.40
23.40
23.40
23.40
23.40
23.40
23.40
22.90
22.90
22.90
22.90
22.90
22.90
22.90
22.90
22.90
22.90
22.90
22.90
23.40
23.40
23.40
23.40
23.40
23.40
23.40
23.40
23.40
23.40
23.40
23.40
22.40
22.40
22.40
22.40
22.40
22.40
22.40
22.40
22.40
22.40
22.40
22.40
23.40
23.40
23.40
23.40
23.40
23.40
23.40
23.40
23.40
23.40
23.40
23.40
22.80
22.80
22.80
22.80
22.80
22.80
22.80
22.80
22.80
22.80
22.80
22.80
22.70
22.70
22.70
22.70
22.70
22.70
22.70
22.70
22.70
22.70
22.70
22.70
22.20
22.20
22.20
22.20
22.20
22.20
22.20
22.20
22.20
22.20
22.20
22.20
22.20
22.20
22.20
22.20
22.20
22.20
22.20
22.20
22.20
22.20
22.20
36.10
36.10
36.10
36.10
36.10
36.10
36.10
36.10
36.10
36.10
36.10
36.10
31.50
31.50
31.50
31.50
31.50
31.50
31.50
31.50
31.50
31.50
31.50
31.50
28.70
28.70
28.70
28.70
28.70
28.70
28.70
28.70
28.70
28.70
28.70
28.70
29.00
29.00
29.00
29.00
29.00
29.00
29.00
29.00
29.00
29.00
29.00
29.00
28.60
28.60
28.60
28.60
28.60
28.60
28.60
28.60
28.60
28.60
28.60
28.60
27.60
27.60
27.60
27.60
27.60
27.60
27.60
27.60
27.60
27.60
27.60
27.60
27.80
27.80
27.80
27.80
27.80
27.80
27.80
27.80
27.80
27.80
27.80
27.80
27.50
27.50
27.50
27.50
27.50
27.50
27.50
27.50
27.50
27.50
27.50
27.50
27.90
27.90
27.90
27.90
27.90
27.90
27.90
27.90
27.90
27.90
27.90
27.90
25.80
25.80
25.80
25.80
25.80
25.80
25.80
25.80
25.80
25.80
25.80
25.80
26.50
26.50
26.50
26.50
26.50
26.50
26.50
26.50
26.50
26.50
26.50
26.50
25.30
25.30
25.30
25.30
25.30
25.30
25.30
25.30
25.30
25.30
25.30
25.30
25.90
25.90
25.90
25.90
25.90
25.90
25.90
25.90
25.90
25.90
25.90
25.90
25.90
25.90
25.90
25.90
25.90
34.00
30.90
30.00
29.50
29.20
28.90
28.70
28.70
28.60
28.50
28.50
28.50
28.70
28.70
28.80
28.70
28.40
28.10
27.90
27.80
27.70
27.80
28.00
28.20
28.30
28.40
28.30
28.20
28.20
28.30
28.30
28.40
28.30
28.40
28.40
28.50
28.50
36.30
33.50
32.20
31.80
31.40
31.20
30.90
30.60
30.30
30.10
30.00
30.00
30.10
30.00
30.10
30.10
30.10
29.80
30.00
30.10
30.00
30.00
30.20
30.30
30.40
30.40
30.40
30.20
30.10
29.80
29.60
29.30
29.00
28.80
28.70
28.60
28.60
28.70
28.90
29.00
29.30
29.50
29.60
29.70
29.70
29.70
29.70
29.60
29.90
30.00
30.00
29.80
29.30
28.70
28.10
27.50
27.30
27.30
27.50
27.60
27.70
27.90
28.10
28.20
28.20
28.30
28.30
28.40
28.50
28.60
28.70
28.80
28.90
29.00
28.70
28.60
28.00
27.50
27.30
27.30
27.50
27.70
27.70
27.90
28.00
28.10
28.10
28.10
28.10
28.20
28.30
28.50
28.70
29.00
29.10
29.30
29.50
29.50
29.40
29.20
28.60
28.00
27.60
27.20
26.80
26.70
26.60
26.70
26.70
26.80
26.90
27.10
27.40
27.70
28.20
28.60
29.20
29.60
30.10
30.50
31.00
31.50
31.90
32.10
31.80
31.30
30.60
29.70
29.10
28.60
28.30
28.10
28.30
28.40
28.70
28.90
29.30
29.70
29.90
30.00
30.00
30.20
30.40
30.10
30.20
30.60
30.70
30.30
29.50
28.50
27.80
27.40
26.90
26.60
26.30
26.20
26.50
27.10
27.60
27.90
27.90
28.00
28.20
28.40
28.50
28.60
28.80
29.10
29.40
29.70
29.80
29.50
28.80
27.90
26.90
25.80
24.80
23.60
22.60
22.10
21.90
22.10
22.70
23.30
23.50
23.50
23.20
22.90
23.00
23.30
23.40
23.40
23.30
23.10
23.10
22.70
22.50
22.10
21.50
21.40
21.40
21.20
21.20
21.30
21.60
21.90
22.20
22.70
23.20
23.60
23.90
24.00
24.30
24.60
24.80
25.10
25.10
25.30
25.30
25.10
24.60
23.90
23.30
22.80
22.60
22.40
22.40
22.50
22.80
23.10
23.40
23.50
23.70
24.00
24.20
24.00
24.50
24.70
24.70
25.00
25.10
25.00
24.90
24.80
24.70
24.70
24.70
24.70
24.80
24.90
25.10
31.60
31.80
30.90
30.70
30.50
30.30
30.10
29.90
29.80
29.70
29.70
31.30
32.10
31.50
30.90
30.70
30.40
30.10
29.90
29.60
29.70
29.80
29.70
32.50
31.50
31.00
30.90
31.30
30.90
30.70
30.50
30.40
30.30
30.40
30.40
30.40
30.40
30.40
30.30
30.30
30.50
30.60
30.60
30.60
30.70
30.80
30.90
34.60
33.00
32.60
32.20
32.10
31.90
31.80
31.80
31.80
31.80
31.90
31.90
31.90
31.90
31.80
32.00
31.90
32.00
32.10
32.10
32.20
32.50
32.90
33.10
33.40
33.50
33.50
33.40
33.30
33.10
33.00
32.80
32.70
32.70
32.70
32.70
32.70
32.90
32.70
32.60
32.60
32.60
32.70
33.00
33.50
34.00
34.50
34.50
34.60
34.50
34.50
34.40
34.20
33.70
33.40
32.90
32.60
32.40
32.30
32.20
32.10
32.20
32.10
32.20
32.20
32.20
32.30
32.40
32.70
32.80
33.10
33.40
33.50
33.50
33.50
33.30
33.30
33.30
33.10
33.00
32.90
32.80
32.80
32.60
32.80
32.80
32.90
33.10
33.10
33.20
33.10
32.90
32.60
32.60
32.50
32.20
32.00
32.00
31.90
31.90
32.00
32.00
32.10
32.30
32.40
32.50
32.60
32.90
33.10
33.30
33.70
34.00
34.10
34.10
34.10
34.00
33.70
33.20
32.50
31.70
31.00
30.50
29.90
30.20
30.50
30.70
30.80
31.00
31.10
31.20
31.30
31.30
31.40
31.50
31.80
32.00
31.90
31.60
31.20
30.80
30.40
30.00
29.70
29.50
29.10
29.10
29.20
29.50
29.70
29.90
30.10
30.20
30.50
30.60
30.80
31.40
31.50
31.70
31.80
32.00
32.10
32.00
31.60
31.00
30.50
29.50
29.30
29.20
29.20
29.30
29.30
29.50
29.80
30.00
30.30
30.50
30.80
30.90
31.20
31.70
31.80
32.00
32.20
32.40
32.60
32.40
32.10
31.60
31.00
30.30
29.30
28.90
28.70
28.70
28.80
29.10
29.30
29.60
29.90
30.30
30.80
31.60
32.00
32.30
32.50
32.70
32.90
33.00
33.10
33.00
32.60
32.20
31.80
31.10
30.10
29.30
28.40
28.30
28.40
28.60
28.90
29.40
30.00
30.50
31.00
31.20
31.30
31.40
31.50
31.50
31.50
31.60
31.50
31.50
31.30
30.90
30.50
29.90
29.30
28.30
28.10
28.10
28.20
28.30
28.50
28.80
29.00
29.50
30.00
30.70
31.00
31.20
31.40
31.50
31.60
31.60
31.60
31.50
31.30
30.90
30.30
29.30
28.10
26.40
26.00
25.90
26.00
26.40
26.70
27.00
27.50
28.10
28.70
29.70
30.20
30.70
31.00
31.30
31.40
31.50
31.50
31.00
30.30
29.20
27.80
25.90
24.00
23.30
23.00
23.00
23.10
23.30
23.60
24.00
24.40
24.90
25.50
26.20
26.90
28.00
28.50
28.90
29.30
29.60
29.70
29.30
28.60
27.60
26.30
24.70
24.00
23.20
23.10
23.10
23.30
23.40
23.80
24.00
24.10
24.30
24.60
25.00
25.30
25.50
25.80
26.10
26.30
26.40
26.60
26.50
26.00
25.20
24.70
24.50
24.70
24.80
24.90
25.10
25.10
25.20
25.30
25.40
25.60
25.90
26.30
26.60
27.00
27.20
27.50
27.80
28.00
28.40
28.70
29.20
29.60
29.80
29.60
30.20
30.30
30.40
30.50
30.60
30.60
30.70
30.80
30.90
30.90
30.90
30.90
30.90
30.90
30.80
30.80
30.90
30.80
30.80
30.70
30.60
30.50
30.40
30.30
30.10
29.90
29.80
29.20
29.00
29.00
28.80
28.90
29.40
29.50
29.60
29.80
29.90
30.00
30.00
30.00
30.00
29.90
30.00
30.00
30.00
29.90
29.80
29.60
29.00
28.60
28.40
28.40
28.30
28.30
28.40
28.60
28.70
28.90
29.00
29.10
29.20
29.30
29.30
29.40
29.40
29.40
29.40
28.80
29.00
29.00
28.70
28.50
28.30
27.80
27.70
27.70
27.80
28.00
28.10
28.20
28.30
28.50
28.70
28.70
28.80
28.80
28.80
28.90
28.80
28.90
28.90
28.80
26.10
27.40
27.40
27.40
27.40
27.40
27.30
27.30
27.40
27.60
27.70
27.90
28.00
28.00
28.10
28.10
28.10
28.10
28.20
28.20
28.20
28.30
28.30
28.30
28.10
27.90
27.50
27.20
26.60
26.30
26.20
26.20
26.20
26.60
27.00
26.80
26.80
26.90
27.00
27.10
27.20
27.40
27.50
27.70
27.70
27.70
27.80
27.70
27.50
26.80
26.40
26.20
25.60
25.10
24.80
24.90
25.10
24.60
24.40
24.50
24.60
24.70
24.80
25.00
25.20
25.60
26.00
26.30
26.70
27.10
27.30
27.30
27.00
26.50
26.10
25.40
24.10
22.30
20.40
19.70
19.90
20.30
20.70
21.20
21.80
22.40
22.80
23.20
23.70
24.70
25.20
25.60
26.10
26.50
26.70
26.90
26.70
26.40
25.90
25.30
24.10
22.90
21.20
20.30
20.20
20.80
21.70
22.90
23.80
24.70
25.00
25.30
25.60
25.70
25.90
26.10
26.30
26.40
26.50
26.50
26.20
25.90
25.50
24.90
24.20
23.30
22.60
21.50
20.90
20.60
20.90
21.50
22.20
22.60
22.80
23.10
23.50
24.00
24.20
24.40
24.50
24.60
24.70
24.80
24.80
24.50
23.80
22.40
21.20
19.70
18.50
18.40
19.10
20.50
21.60
22.40
23.00
23.60
24.00
24.50
24.60
24.50
24.50
24.50
24.60
24.60
24.60
24.70
24.40
23.20
22.30
20.70
19.40
19.38
19.36
19.34
19.32
19.30
19.28
19.26
19.24
19.22
19.20
19.18
19.16
19.14
19.12
19.10
19.08
19.06
19.80
21.10
21.40
20.90
19.70
17.60
17.58
17.56
17.54
17.52
17.50
17.48
17.46
17.44
17.42
17.40
17.38
17.36
17.60
18.80
19.80
20.80
21.90
22.90
23.70
24.50
24.70
24.40
23.50
22.20
20.10
18.30
17.20
16.50
16.30
16.50
17.00
17.60
18.10
18.80
19.70
20.40
21.20
22.00
22.80
23.30
23.90
24.30
24.80
25.10
25.10
24.70
23.90
22.80
21.40
20.10
19.00
18.40
18.20
18.00
18.00
19.50
20.80
21.90
22.90
24.00
25.00
25.70
26.40
27.10
27.40
27.40
27.50
27.40
27.30
27.20
27.10
26.90
26.50
26.20
26.00
26.00
26.00
26.00
26.20
26.30
26.40
26.50
26.60
26.70
26.70
26.70
26.80
26.80
26.90
26.90
27.00
26.90
26.90
26.80
26.60
26.20
25.50
23.90
22.80
22.20
21.70
21.40
21.30
21.40
21.60
22.10
22.50
22.70
22.90
23.20
23.70
24.10
24.70
25.30
25.90
26.50
26.50
26.20
25.70
24.30
23.00
21.60
20.20
19.30
19.10
19.10
19.40
19.60
19.90
20.10
19.60
19.80
20.30
21.20
22.00
22.60
22.80
22.60
22.40
22.30
22.10
21.50
20.20
18.40
16.90
15.10
13.60
12.10
12.10
11.70
11.80
12.10
12.40
12.70
13.10
13.40
13.50
13.80
14.10
14.90
15.70
16.00
16.00
16.60
16.60
14.60
13.30
13.30
13.30
13.30
13.30
13.30
13.30
13.30
13.30
13.30
13.30
13.30
13.30
12.20
12.80
13.10
13.20
13.10
13.10
13.80
14.60
15.40
15.60
15.50
14.90
14.30
13.70
13.30
12.70
12.50
12.50
12.50
12.70
12.90
13.20
13.40
13.50
14.90
16.40
16.00
17.80
19.20
20.50
22.10
23.40
24.90
25.40
25.70
25.80
25.60
25.20
24.60
23.80
23.10
22.50
22.30
22.40
22.60
23.20
24.20
25.10
25.90
26.10
26.20
26.30
26.30
26.20
26.10
25.90
25.80
25.80
25.70
25.70
25.60
25.40
25.20
25.00
24.70
24.40
24.40
24.50
24.40
24.20
24.10
24.30
24.30
24.50
24.70
24.70
24.70
24.80
24.80
24.80
24.70
24.60
24.40
24.10
23.70
23.00
21.90
19.70
17.80
16.50
15.90
15.60
15.40
15.40
15.40
15.40
15.40
15.40
15.40
15.20
15.70
16.20
17.30
18.60
19.70
19.90
19.90
19.50
18.30
16.90
15.30
15.80
14.80
14.00
13.80
13.90
14.40
15.20
15.90
16.90
16.20
17.80
19.50
20.80
21.90
22.70
23.70
24.00
24.20
24.30
24.00
23.70
23.00
21.60
20.50
19.30
18.30
17.70
17.50
17.70
18.10
18.30
18.20
17.90
17.50
16.90
16.40
16.00
16.10
16.50
16.30
15.90
15.00
14.20
13.40
14.00
13.00
13.00
13.00
13.00
13.00
13.00
13.00
13.00
13.00
13.00
13.00
13.00
13.00
13.00
13.00
13.00
13.00
13.00
13.00
13.00
13.00
13.00
13.00
13.00
13.00
13.00
13.00
13.00
13.00
13.00
13.00
12.00
12.70
13.60
14.40
15.80
15.70
16.10
16.70
17.90
19.20
20.80
22.50
23.40
23.80
23.80
23.40
22.90
22.30
21.30
20.00
18.60
18.10
17.50
17.30
17.60
18.00
18.80
19.00
19.60
20.20
20.80
21.50
22.20
22.90
23.20
23.20
23.20
23.20
23.20
23.10
22.60
22.00
21.00
20.10
18.90
18.20
17.80
17.50
17.50
17.60
17.70
17.70
17.70
17.70
17.50
17.50
18.00
18.50
19.30
19.90
20.80
22.10
22.60
23.50
23.70
23.70
23.20
22.70
22.30
22.20
22.30
22.70
23.10
23.80
24.40
25.00
25.50
26.20
26.30
26.30
26.20
26.10
25.90
25.80
25.60
25.40
25.40
25.50
25.50
25.60
25.60
25.60
25.60
25.50
25.40
25.40
25.40
25.40
25.40
25.40
25.40
25.40
25.40
25.40
25.40
25.30
25.40
25.30
25.40
25.40
25.40
25.20
24.90
23.60
22.70
21.90
20.60
19.40
18.20
17.80
17.60
17.80
18.00
18.10
18.20
18.20
18.40
18.60
18.90
19.20
19.00
19.20
19.60
19.90
19.90
19.60
18.70
18.00
17.10
16.60
16.50
16.40
16.30
16.20
16.10
16.00
15.90
15.80
15.80
15.80
15.80
15.80
15.80
15.80
15.80
15.80
15.80
15.80
15.80
15.80
15.80
15.80
15.80
15.80
15.80
15.80
15.80
15.80
15.80
15.80
15.80
15.80
15.80
15.80
15.80
15.80
15.80
15.80
15.80
15.80
15.80
15.80
15.80
15.80
15.80
15.80
15.80
15.80
15.80
15.80
15.80
15.80
15.80
15.80
15.80
15.80
15.80
15.80
15.80
15.80
15.80
15.80
15.80
15.80
15.80
15.80
15.80
15.80
15.80
15.80
15.80
15.80
15.80
15.80
15.80
15.80
15.80
15.80
15.80
15.80
15.80
15.80
15.80
15.80
15.80
15.80
15.80
15.80
15.80
15.80
15.80
15.80
15.80
15.80
15.80
15.80
15.80
15.80
15.80
15.80
15.80
15.80
15.80
15.80
15.80
15.80
15.80
15.80
15.80
15.80
15.80
15.80
15.80
15.80
15.80
15.80
15.80
15.80
15.80
15.80
15.80
15.80
15.80
15.80
15.80
15.80
15.80
15.80
15.80
15.80
15.80
15.80
15.80
15.80
15.80
15.80
15.80
15.80
15.80
15.80
15.80
15.80
15.80
15.80
15.80
15.80
15.80
15.80
15.80
15.80
15.80
15.80
15.80
15.80
15.80
15.80
15.80
15.80
15.80
15.80
15.80
15.80
15.80
15.80
15.80
15.80
15.80
15.80
15.80
15.80
15.80
15.80
15.80
15.80
15.80
15.80
15.80
15.80
15.80
15.80
15.80
15.80
15.80
15.80
15.80
15.80
15.80
15.80
15.80
15.80
15.80
15.80
15.80
15.80
15.80
15.80
15.80
15.80
15.80
15.80
15.80
15.80
15.80
15.80
15.80
15.80
15.80
15.80
15.80
15.80
15.80
15.80
15.80
15.80
15.80
15.80
15.80
15.80
15.80
15.80
15.80
15.80
15.80
15.80
15.80
15.80
15.80
15.80
15.80
15.80
15.80
15.80
15.80
15.80
15.80
15.80
15.80
15.80
15.80
15.80
15.80
15.80
15.80
15.80
15.80
15.80
15.80
15.80
15.80
15.80
15.80
15.80
15.80
15.80
15.80
15.80
15.80
15.80
15.80
15.80
15.80
15.80
15.80
15.80
15.80
15.80
15.80
15.80
15.80
15.80
15.80
15.80
15.80
15.80
15.80
15.80
15.80
15.80
15.80
15.80
15.80
15.80
15.80
15.80
15.80
15.80
15.80
15.80
15.80
15.80
15.80
15.80
15.80
15.80
15.80
15.80
15.80
15.80
15.80
15.80
15.80
15.80
15.80
15.80
15.80
15.80
15.80
15.80
15.80
15.80
15.80
15.80
15.80
15.80
15.80
15.80
15.80
15.80
15.80
15.80
15.80
15.80
15.80
15.80
15.80
15.80
15.80
15.80
15.80
15.80
15.80
15.80
15.80
15.80
15.80
15.80
15.80
15.80
15.80
15.80
15.80
15.80
15.80
15.80
15.80
15.80
15.80
15.80
15.80
15.80
15.80
15.80
15.80
15.80
15.80
15.80
15.80
15.80
15.80
15.80
15.80
15.80
15.80
15.80
15.80
15.80
15.80
15.80
15.80
15.80
15.80
15.80
15.80
15.80
15.80
15.80
15.80
15.80
15.80
15.80
15.80
15.80
15.80
15.80
15.80
15.80
15.80
15.80
15.80
15.80
15.80
15.80
15.80
15.80
15.80
15.80
15.80
15.80
15.80
15.80
15.80
15.80
15.80
15.80
15.80
15.80
15.80
15.80
15.80
15.80
15.80
15.80
15.80
15.80
15.80
15.80
15.80
15.80
15.80
15.80
15.80
15.80
15.80
15.80
15.80
15.80
15.80
15.80
15.80
15.80
15.80
15.80
15.80
15.80
15.80
15.80
15.80
15.80
15.80
15.80
15.80
15.80
15.80
15.80
15.80
15.80
15.80
15.80
15.80
15.80
15.80
15.80
15.80
15.80
15.80
15.80
15.80
15.80
15.80
15.80
15.80
15.80
15.80
15.80
15.80
15.80
15.80
15.80
15.80
15.80
15.80
15.80
15.80
15.80
15.80
15.80
15.80
15.80
15.80
15.80
15.80
15.80
15.80
15.80
15.80
15.80
15.80
15.80
15.80
15.80
15.80
15.80
15.80
15.80
15.80
15.80
15.80
15.80
15.80
15.80
15.80
15.80
15.80
15.80
15.80
15.80
15.80
15.80
15.80
15.80
15.80
15.80
15.80
15.80
15.80
15.80
15.80
15.80
15.80
15.80
15.80
15.80
15.80
15.80
15.80
15.80
15.80
15.80
15.80
15.80
15.80
15.80
15.80
15.80
15.80
15.80
15.80
15.80
15.80
15.80
15.80
15.80
15.80
15.80
15.80
15.80
15.80
15.80
15.80
15.80
15.80
15.80
15.80
15.80
15.80
15.80
15.80
15.80
15.80
15.80
15.80
15.80
15.80
15.80
15.80
15.80
15.80
15.80
15.80
15.80
15.80
15.80
15.80
15.80
15.80
15.80
15.80
15.80
15.80
15.80
15.80
15.80
15.80
15.80
15.80
15.70
15.60
15.50
15.40
15.30
15.20
15.10
15.00
14.90
14.80
14.70
14.60
14.50
14.40
14.30
14.20
14.10
14.00
13.90
13.80
13.70
13.60
13.50
13.40
13.30
13.20
13.30
13.40
13.50
13.60
13.70
13.80
13.90
14.00
14.10
14.20
14.30
14.40
14.50
14.60
14.70
14.80
14.90
15.00
15.10
15.20
15.30
15.40
15.50
15.60
15.70
15.80
15.90
16.00
16.10
16.20
16.30
16.40
16.50
16.60
16.70
16.20
17.70
18.90
20.10
21.20
21.90
22.50
22.90
23.20
23.40
23.60
23.70
23.90
24.10
24.20
24.30
24.40
24.50
24.60
24.70
24.80
24.80
24.80
24.80
24.60
24.50
24.30
24.20
24.20
24.20
24.20
24.20
24.30
24.30
24.40
24.50
24.50
24.50
24.50
24.60
24.60
24.70
24.70
24.70
24.70
24.60
24.40
24.20
23.90
23.50
23.20
23.00
22.90
22.80
22.80
22.80
22.90
22.90
22.90
22.90
23.00
23.10
23.10
23.20
23.20
23.30
23.30
22.60
21.80
21.10
20.40
19.60
18.70
17.90
18.30
18.10
17.00
16.00
15.60
15.80
16.20
16.70
17.00
17.30
17.70
18.10
18.50
18.80
19.00
19.40
19.70
19.90
19.40
18.90
18.00
16.90
15.50
14.30
13.20
12.40
11.90
11.60
11.50
11.60
11.80
12.00
12.10
12.30
12.50
12.60
12.70
12.80
12.90
13.30
13.60
14.10
14.40
14.30
13.70
12.80
11.80
10.90
12.00
12.00
12.00
12.00
12.00
12.00
12.00
12.00
12.00
12.00
12.00
12.00
11.60
13.40
15.00
16.00
16.80
17.50
17.90
18.10
18.20
17.90
17.50
17.00
16.60
16.50
16.60
17.10
17.50
17.90
18.10
18.30
18.60