 id                  year                month               vsm-C               vsm-DC              vsm-H               
 1                   1989                1                     -1439.0317162171177       -1439.0317162171177       -1439.0317162171177     
 2                   1989                2                     -1439.0317162171177       -1439.0317162171177       -1439.0317162171177     
 3                   1989                3                     -1439.0317162171177       -1439.0317162171177       -1439.0317162171177     
 4                   1989                4                     -1.4049373541627675E-002  -1.6898685666767249E-002  -1.5201493162280057E-002
 5                   1989                5                     -1.1106641359506531E-002  -1.5607684616188160E-002  -1.0269361852873658E-002
 6                   1989                6                     -6.7228683857846541E-002  -8.3702064876178109E-002  -8.6932218821264964E-002
 7                   1989                7                    -0.39272211688605324      -0.65797255394414067       -1.1183818273549195     
 8                   1989                8                     -3.0233900656659096E-002  -2.9367276327710627E-002  -4.6387242690202661E-002
 9                   1989                9                    -0.23885852406172464      -0.41709462658493324      -0.47209240641412020     
 10                  1989                10                    -2.4748620827054858E-002  -3.4025105801257817E-002  -3.7253513050909105E-002
 11                  1989                11                    -3.5061733240203896E-002  -4.7910197424555205E-002  -5.1148641072238717E-002
 12                  1989                12                    -1439.0317162171177       -1439.0317162171177       -1439.0317162171177     
 13                  1990                1                     -1439.0317162171177       -1439.0317162171177       -1439.0317162171177     
 14                  1990                2                     -1439.0317162171177       -1439.0317162171177       -1439.0317162171177     
 15                  1990                3                     -1439.0317162171177       -1439.0317162171177       -1439.0317162171177     
 16                  1990                4                     -1.4049373541627675E-002  -1.6898685666767249E-002  -1.5201493162280057E-002
 17                  1990                5                     -1.1106641359506531E-002  -1.5607684616188160E-002  -1.0269361852873658E-002
 18                  1990                6                     -6.7228683857846541E-002  -8.3702064876178109E-002  -8.6932218821264964E-002
 19                  1990                7                    -0.39272211688605324      -0.65797255394414067       -1.1183818273549195     
 20                  1990                8                     -3.0233900656659096E-002  -2.9367276327710627E-002  -4.6387242690202661E-002
 21                  1990                9                     -3.7253513050909105E-002  -3.7253513050909105E-002  -5.4666811163831548E-002
 22                  1990                10                    -5.2870926500710833E-002  -7.2218096464542719E-002  -8.6932218821264964E-002
 23                  1990                11                    -3.3025621230412229E-002  -4.2166733874703044E-002  -4.2166733874703044E-002
 24                  1990                12                    -1439.0317162171177       -1439.0317162171177       -1439.0317162171177     
 1                   1991                1                     -1439.0317162171177       -1439.0317162171177       -1439.0317162171177     
 2                   1991                2                     -1439.0317162171177       -1439.0317162171177       -1439.0317162171177     
 3                   1991                3                     -1439.0317162171177       -1439.0317162171177       -1439.0317162171177     
 4                   1991                4                     -1.4049373541627675E-002  -1.6898685666767249E-002  -1.5201493162280057E-002
 5                   1991                5                     -1.1106641359506531E-002  -1.5607684616188160E-002  -1.0269361852873658E-002
 6                   1991                6                     -6.7228683857846541E-002  -8.3702064876178109E-002  -8.6932218821264964E-002
 7                   1991                7                    -0.39272211688605324      -0.65797255394414067       -1.1183818273549195     
 8                   1991                8                     -3.0233900656659096E-002  -2.9367276327710627E-002  -4.6387242690202661E-002
 9                   1991                9                    -0.23885852406172464      -0.41709462658493324      -0.47209240641412020     
 10                  1991                10                    -2.4748620827054858E-002  -3.4025105801257817E-002  -3.7253513050909105E-002
 11                  1991                11                    -3.5061733240203896E-002  -4.7910197424555205E-002  -5.1148641072238717E-002
 12                  1991                12                    -1439.0317162171177       -1439.0317162171177       -1439.0317162171177     
 13                  1992                1                     -1439.0317162171177       -1439.0317162171177       -1439.0317162171177     
 14                  1992                2                     -1439.0317162171177       -1439.0317162171177       -1439.0317162171177     
 15                  1992                3                     -1439.0317162171177       -1439.0317162171177       -1439.0317162171177     
 16                  1992                4                     -1.4049373541627675E-002  -1.6898685666767249E-002  -1.5201493162280057E-002
 17                  1992                5                     -1.1106641359506531E-002  -1.5607684616188160E-002  -1.0269361852873658E-002
 18                  1992                6                     -6.7228683857846541E-002  -8.3702064876178109E-002  -8.6932218821264964E-002
 19                  1992                7                    -0.39272211688605324      -0.65797255394414067       -1.1183818273549195     
 20                  1992                8                     -3.0233900656659096E-002  -2.9367276327710627E-002  -4.6387242690202661E-002
 21                  1992                9                     -3.7253513050909105E-002  -3.7253513050909105E-002  -5.4666811163831548E-002
 22                  1992                10                    -5.2870926500710833E-002  -7.2218096464542719E-002  -8.6932218821264964E-002
 23                  1992                11                    -3.3025621230412229E-002  -4.2166733874703044E-002  -4.2166733874703044E-002
 24                  1992                12                    -1439.0317162171177       -1439.0317162171177       -1439.0317162171177     
 25                  1993                1                     -1439.0317162171177       -1439.0317162171177       -1439.0317162171177     
 26                  1993                2                     -1439.0317162171177       -1439.0317162171177       -1439.0317162171177     
 27                  1993                3                     -1439.0317162171177       -1439.0317162171177       -1439.0317162171177     
 28                  1993                4                     -1.4049373541627675E-002  -1.6898685666767249E-002  -1.5201493162280057E-002
 29                  1993                5                     -1.1106641359506531E-002  -1.5607684616188160E-002  -1.0269361852873658E-002
 30                  1993                6                     -6.7228683857846541E-002  -8.3702064876178109E-002  -8.6932218821264964E-002
 31                  1993                7                    -0.39272211688605324      -0.65797255394414067       -1.1183818273549195     
 32                  1993                8                     -3.0233900656659096E-002  -2.9367276327710627E-002  -4.6387242690202661E-002
 33                  1993                9                    -0.23885852406172464      -0.41709462658493324      -0.47209240641412020     
 34                  1993                10                    -2.4748620827054858E-002  -3.4025105801257817E-002  -3.7253513050909105E-002
 35                  1993                11                    -3.5061733240203896E-002  -4.7910197424555205E-002  -5.1148641072238717E-002
 36                  1993                12                    -1439.0317162171177       -1439.0317162171177       -1439.0317162171177     
 37                  1994                1                     -1439.0317162171177       -1439.0317162171177       -1439.0317162171177     
 38                  1994                2                     -1439.0317162171177       -1439.0317162171177       -1439.0317162171177     
 39                  1994                3                     -1439.0317162171177       -1439.0317162171177       -1439.0317162171177     
 40                  1994                4                     -1.4049373541627675E-002  -1.6898685666767249E-002  -1.5201493162280057E-002
 41                  1994                5                     -1.1106641359506531E-002  -1.5607684616188160E-002  -1.0269361852873658E-002
 42                  1994                6                     -6.7228683857846541E-002  -8.3702064876178109E-002  -8.6932218821264964E-002
 43                  1994                7                    -0.39272211688605324      -0.65797255394414067       -1.1183818273549195     
 44                  1994                8                     -3.0233900656659096E-002  -2.9367276327710627E-002  -4.6387242690202661E-002
 45                  1994                9                     -3.7253513050909105E-002  -3.7253513050909105E-002  -5.4666811163831548E-002
 46                  1994                10                    -5.2870926500710833E-002  -7.2218096464542719E-002  -8.6932218821264964E-002
 47                  1994                11                    -3.3025621230412229E-002  -4.2166733874703044E-002  -4.2166733874703044E-002
 48                  1994                12                    -1439.0317162171177       -1439.0317162171177       -1439.0317162171177     
 49                  1995                1                     -1439.0317162171177       -1439.0317162171177       -1439.0317162171177     
 50                  1995                2                     -1439.0317162171177       -1439.0317162171177       -1439.0317162171177     
 51                  1995                3                     -1439.0317162171177       -1439.0317162171177       -1439.0317162171177     
 52                  1995                4                     -1.0680073953546317E-002  -1.7824415832787877E-002  -1.4613349687436092E-002
 53                  1995                5                     -1.2490052888667648E-002  -2.3403871900058541E-002  -1.4613349687436092E-002
 54                  1995                6                    -0.75905920843808283       -1.4460654956315009       -2.1100126999174571     
 55                  1995                7                     -1.4460654956315009       -1.4460654956315009       -2.1100126999174571     
 56                  1995                8                     -1462529.7181133376       -1462529.7181133376       -1462529.7181133376     
 57                  1995                9                     -13.294431410283833       -1506.4070003314839       -86.074487119649589     
 58                  1995                10                   -0.11469621937995542      -0.37017696804967776      -0.31192690522163746     
 59                  1995                11                    -1.6898685666767249E-002  -5.2870926500710833E-002  -7.4890028291836511E-002
 60                  1995                12                    -1439.0317162171177       -1439.0317162171177       -1439.0317162171177     
 61                  1996                1                     -1439.0317162171177       -1439.0317162171177       -1439.0317162171177     
 62                  1996                2                     -1439.0317162171177       -1439.0317162171177       -1439.0317162171177     
 63                  1996                3                     -1439.0317162171177       -1439.0317162171177       -1439.0317162171177     
 64                  1996                4                     -8.0970436334653981E-003  -1.8806999790618145E-002  -1.4049373541627675E-002
 65                  1996                5                     -1.4049373541627675E-002  -3.6137253385021974E-002  -2.0961389944487343E-002
 66                  1996                6                     -3.5061733240203896E-002  -5.8495482020845112E-002  -2.4065237187451516E-002
 67                  1996                7                     -3.9616173849755409E-002  -6.4898297799938429E-002  -2.9367276327710627E-002
 68                  1996                8                    -0.32992034692151800      -0.61400155758877695      -0.32992034692151800     
 69                  1996                9                     -5.2870926500710833E-002 -0.11469621937995542       -8.0624083680823036E-002
 70                  1996                10                    -2.5454960318188662E-002  -4.6387242690202661E-002  -2.8530336548934311E-002
 71                  1996                11                    -2.7721810581685349E-002  -7.7689472461976966E-002  -2.2763633734684974E-002
 72                  1996                12                    -1439.0317162171177       -1439.0317162171177       -1439.0317162171177     
 73                  1997                1                     -1439.0317162171177       -1439.0317162171177       -1439.0317162171177     
 74                  1997                2                     -1439.0317162171177       -1439.0317162171177       -1439.0317162171177     
 75                  1997                3                     -1439.0317162171177       -1439.0317162171177       -1439.0317162171177     
 76                  1997                4                     -8.7700192898940224E-003  -5.4861599863960464E-003  -7.8828884184068224E-003
 77                  1997                5                     -1.6455825647978067E-002  -1.2654113532352155E-002  -1.5607684616188160E-002
 78                  1997                6                    -0.10157472413786019       -6.9666537735106407E-002  -6.9666537735106407E-002
 79                  1997                7                    -0.47209240641412020      -0.29519289088974193      -0.22700893621763238     
 80                  1997                8                     -7.4890028291836511E-002  -6.2669549838837407E-002  -9.0324005902523832E-002
 81                  1997                9                     -2.5950227180164256       -1.3243263214213576       -1.2156629968213104     
 82                  1997                10                   -0.39272211688605324      -0.21591344673072080      -0.32992034692151800     
 83                  1997                11                    -4.4924267655811735E-002  -3.0233900656659096E-002  -3.5061733240203896E-002
 84                  1997                12                    -1439.0317162171177       -1439.0317162171177       -1439.0317162171177     
 85                  1998                1                     -1439.0317162171177       -1439.0317162171177       -1439.0317162171177     
 86                  1998                2                     -1439.0317162171177       -1439.0317162171177       -1439.0317162171177     
 87                  1998                3                     -1439.0317162171177       -1439.0317162171177       -1439.0317162171177     
 88                  1998                4                     -1.8308326102714829E-002  -1.5201493162280057E-002  -1.2654113532352155E-002
 89                  1998                5                     -3.6137253385021974E-002  -2.9367276327710627E-002  -2.2763633734684974E-002
 90                  1998                6                     -1.4422737265979832E-002  -1.5607684616188160E-002  -1.0541447962736494E-002
 91                  1998                7                     -3.8412464333400780E-002  -3.5061733240203896E-002  -2.4065237187451516E-002
 92                  1998                8                    -0.37017696804967776      -0.16224287340252283      -0.16224287340252283     
 93                  1998                9                    -0.70615495534830974       -1.7371588284184809       -1.3243263214213576     
 94                  1998                10                   -0.14826608838034860      -0.11709182132390566      -0.10787868742973847     
 95                  1998                11                    -5.2870926500710833E-002  -4.4214351649078866E-002  -3.9616173849755409E-002
 96                  1998                12                    -1439.0317162171177       -1439.0317162171177       -1439.0317162171177     
 97                  1999                1                     -1439.0317162171177       -1439.0317162171177       -1439.0317162171177     
 98                  1999                2                     -1439.0317162171177       -1439.0317162171177       -1439.0317162171177     
 99                  1999                3                     -1439.0317162171177       -1439.0317162171177       -1439.0317162171177     
 100                 1999                4                     -3.9616173849755409E-002  -4.0866826154832850E-002  -2.4065237187451516E-002
 101                 1999                5                     -5.1148641072238717E-002  -5.8495482020845112E-002  -4.6387242690202661E-002
 102                 1999                6                    -0.65797255394414067      -0.75905920843808283      -0.37017696804967776     
 103                 1999                7                     -48.309893881319809       -85703.644820992675       -8.1265509016120294     
 104                 1999                8                    -0.95242230397310201      -0.39272211688605324      -0.29519289088974193     
 105                 1999                9                    -0.26508463402061905      -0.16224287340252283      -0.16224287340252283     
 106                 1999                10                    -6.9666537735106407E-002  -6.9666537735106407E-002  -4.6387242690202661E-002
 107                 1999                11                    -6.2669549838837407E-002  -6.7228683857846541E-002  -4.4924267655811735E-002
 108                 1999                12                    -1439.0317162171177       -1439.0317162171177       -1439.0317162171177     
 109                 2000                1                     -1439.0317162171177       -1439.0317162171177       -1439.0317162171177     
 110                 2000                2                     -1439.0317162171177       -1439.0317162171177       -1439.0317162171177     
 111                 2000                3                     -1439.0317162171177       -1439.0317162171177       -1439.0317162171177     
 112                 2000                4                     -2.4748620827054858E-002  -1.7824415832787877E-002  -1.4806646902578203E-002
 113                 2000                5                     -2.2763633734684974E-002  -3.5061733240203896E-002  -1.7587822336289076E-002
 114                 2000                6                     -3.0233900656659096E-002  -3.7253513050909105E-002  -1.9147937068897048E-002
 115                 2000                7                    -0.20551353272603648      -0.17386518741710943       -8.6932218821264964E-002
 116                 2000                8                     -4.8695128210739999E-002  -3.6690170942551968E-002  -2.8945176840506671E-002
 117                 2000                9                     -5.0313926141963602E-002  -3.9616173849755409E-002  -4.4214351649078866E-002
 118                 2000                10                    -5.2870926500710833E-002  -5.5593580996447511E-002  -6.6050429996006937E-002
 119                 2000                11                    -1.9850992936132746E-002  -2.4065237187451516E-002  -2.1841043636586045E-002
 120                 2000                12                    -1439.0317162171177       -1439.0317162171177       -1439.0317162171177     
 121                 2001                1                     -1439.0317162171177       -1439.0317162171177       -1439.0317162171177     
 122                 2001                2                     -1439.0317162171177       -1439.0317162171177       -1439.0317162171177     
 123                 2001                3                     -1439.0317162171177       -1439.0317162171177       -1439.0317162171177     
 124                 2001                4                     -2.4404119207904851E-002  -2.5098860980191297E-002  -1.6898685666767249E-002
 125                 2001                5                     -4.4924267655811735E-002  -4.6387242690202661E-002  -3.4025105801257817E-002
 126                 2001                6                     -2.0397560525794219E-002  -2.4065237187451516E-002  -1.7824415832787877E-002
 127                 2001                7                     -6.4898297799938429E-002  -6.2669549838837407E-002  -4.9496232451863270E-002
 128                 2001                8                    -0.78746188758012159       -1.0735511620293026      -0.45749472080380355     
 129                 2001                9                     -1439.0317162171177       -1439.0317162171177       -1439.0317162171177     
 130                 2001                10                    -1.0310439765622157       -1.5828832085687163      -0.41709462658493324     
 131                 2001                11                   -0.16987438602736019      -0.13009032973885351      -0.10572274361990219     
 132                 2001                12                    -1439.0317162171177       -1439.0317162171177       -1439.0317162171177     
 133                 2002                1                     -1439.0317162171177       -1439.0317162171177       -1439.0317162171177     
 134                 2002                2                     -1439.0317162171177       -1439.0317162171177       -1439.0317162171177     
 135                 2002                3                     -1439.0317162171177       -1439.0317162171177       -1439.0317162171177     
 136                 2002                4                     -2.4065237187451516E-002  -3.6137253385021974E-002  -1.9321018704088443E-002
 137                 2002                5                     -4.7210418330432460E-003  -3.0233900656659096E-002  -2.0397560525794219E-002
 138                 2002                6                     -2.0397560525794219E-002  -3.5061733240203896E-002  -3.6137253385021974E-002
 139                 2002                7                    -0.81727131671652375       -1.5828832085687163      -0.50316439388110656     
 140                 2002                8                     -1.0310439765622157       -4.6531383701936040       -1.4460654956315009     
 141                 2002                9                     -4.1041368988108982       -2.5950227180164256       -5.3024581411020275     
 142                 2002                10                   -0.41709462658493324      -0.88146591048630540       -1.4460654956315009     
 143                 2002                11                     0.0000000000000000       -6.7112124198740299E-004  -3.8911024531483617E-003
 144                 2002                12                    -1439.0317162171177       -1439.0317162171177       -1439.0317162171177     
 145                 2003                1                     -1439.0317162171177       -1439.0317162171177       -1439.0317162171177     
 146                 2003                2                     -1439.0317162171177       -1439.0317162171177       -1439.0317162171177     
 147                 2003                3                     -1439.0317162171177       -1439.0317162171177       -1439.0317162171177     
 148                 2003                4                     -2.4065237187451516E-002  -1.6631421215719325E-002  -1.7354713072071953E-002
 149                 2003                5                     -4.7210418330432460E-003  -1.8174910161662155E-002  -2.5454960318188662E-002
 150                 2003                6                     -2.0397560525794219E-002  -2.6940493250109557E-002  -2.4065237187451516E-002
 151                 2003                7                    -0.81727131671652375       -1.5828832085687163      -0.50316439388110656     
 152                 2003                8                     -1.0310439765622157       -5.8495482020845112E-002  -6.4898297799938429E-002
 153                 2003                9                     -4.1041368988108982      -0.57379592016496805      -0.26508463402061905     
 154                 2003                10                   -0.41709462658493324       -6.9666537735106407E-002  -7.4890028291836511E-002
 155                 2003                11                     0.0000000000000000       -3.8412464333400780E-002  -2.9367276327710627E-002
 156                 2003                12                    -1439.0317162171177       -1439.0317162171177       -1439.0317162171177     
 157                 2004                1                     -1439.0317162171177       -1439.0317162171177       -1439.0317162171177     
 158                 2004                2                     -1439.0317162171177       -1439.0317162171177       -1439.0317162171177     
 159                 2004                3                     -1439.0317162171177       -1439.0317162171177       -1439.0317162171177     
 160                 2004                4                     -2.4065237187451516E-002  -1.6631421215719325E-002  -1.7354713072071953E-002
 161                 2004                5                     -4.7210418330432460E-003  -1.8174910161662155E-002  -2.5454960318188662E-002
 162                 2004                6                     -2.0397560525794219E-002  -2.6940493250109557E-002  -2.4065237187451516E-002
 163                 2004                7                    -0.81727131671652375       -1.5828832085687163      -0.50316439388110656     
 164                 2004                8                     -1.0310439765622157       -5.8495482020845112E-002  -6.4898297799938429E-002
 165                 2004                9                     -4.1041368988108982      -0.57379592016496805      -0.26508463402061905     
 166                 2004                10                   -0.41709462658493324       -6.9666537735106407E-002  -7.4890028291836511E-002
 167                 2004                11                     0.0000000000000000       -3.8412464333400780E-002  -2.9367276327710627E-002
 168                 2004                12                    -1439.0317162171177       -1439.0317162171177       -1439.0317162171177     
 169                 2005                1                     -1439.0317162171177       -1439.0317162171177       -1439.0317162171177     
 170                 2005                2                     -1439.0317162171177       -1439.0317162171177       -1439.0317162171177     
 171                 2005                3                     -1439.0317162171177       -1439.0317162171177       -1439.0317162171177     
 172                 2005                4                     -2.4065237187451516E-002  -1.6631421215719325E-002  -1.7354713072071953E-002
 173                 2005                5                     -4.7210418330432460E-003  -1.8174910161662155E-002  -2.5454960318188662E-002
 174                 2005                6                     -2.0397560525794219E-002  -2.6940493250109557E-002  -2.4065237187451516E-002
 175                 2005                7                    -0.81727131671652375       -1.5828832085687163      -0.50316439388110656     
 176                 2005                8                     -1.0310439765622157       -5.8495482020845112E-002  -6.4898297799938429E-002
 177                 2005                9                     -4.1041368988108982      -0.57379592016496805      -0.26508463402061905     
 178                 2005                10                   -0.41709462658493324       -6.9666537735106407E-002  -7.4890028291836511E-002
 179                 2005                11                     0.0000000000000000       -3.8412464333400780E-002  -2.9367276327710627E-002
 180                 2005                12                    -1439.0317162171177       -1439.0317162171177       -1439.0317162171177     
 181                 2006                1                     -1439.0317162171177       -1439.0317162171177       -1439.0317162171177     
 182                 2006                2                     -1439.0317162171177       -1439.0317162171177       -1439.0317162171177     
 183                 2006                3                     -1439.0317162171177       -1439.0317162171177       -1439.0317162171177     
 184                 2006                4                     -2.4065237187451516E-002  -1.6631421215719325E-002  -1.7354713072071953E-002
 185                 2006                5                     -4.7210418330432460E-003  -1.8174910161662155E-002  -2.5454960318188662E-002
 186                 2006                6                     -2.0397560525794219E-002  -2.6940493250109557E-002  -2.4065237187451516E-002
 187                 2006                7                    -0.81727131671652375       -1.5828832085687163      -0.50316439388110656     
 188                 2006                8                     -2.5454960318188662E-002  -3.8888457777619768E-002  -3.8412464333400780E-002
 189                 2006                9                     -2.6940493250109557E-002  -3.5380223459202574E-002  -2.8778378582093336E-002
 190                 2006                10                    -6.7871270928066682E-003  -1.1106641359506531E-002  -9.8737204604067395E-003
 191                 2006                11                    -1.5201493162280057E-002  -1.5201493162280057E-002  -1.6898685666767249E-002
 192                 2006                12                    -1439.0317162171177       -1439.0317162171177       -1439.0317162171177     
 193                 2007                1                     -1439.0317162171177       -1439.0317162171177       -1439.0317162171177     
 194                 2007                2                     -1439.0317162171177       -1439.0317162171177       -1439.0317162171177     
 195                 2007                3                     -1439.0317162171177       -1439.0317162171177       -1439.0317162171177     
 196                 2007                4                     -2.4065237187451516E-002  -1.6631421215719325E-002  -1.7354713072071953E-002
 197                 2007                5                     -1.8102229751910111E-003  -1.4388224897907960E-003  -2.7895102309509943E-003
 198                 2007                6                     -3.2299383945406129E-002  -3.4851353852510952E-002  -3.9432679665481619E-002
 199                 2007                7                     -1.0633671174447131E-002  -1.0652208906861348E-002  -1.9341907284820159E-002
 200                 2007                8                     -1462529.7181133376       -1462529.7181133376       -1462529.7181133376     
 201                 2007                9                     -11.377548458032392       -12.287154938494110       -31.715897076952320     
 202                 2007                10                   -0.60981842347180959       -1.1092223525496638       -1.5401211462166768     
 203                 2007                11                   -0.10424653237879176      -0.15435408600991149      -0.24957156553208984     
 204                 2007                12                    -1439.0317162171177       -1439.0317162171177       -1439.0317162171177     
 205                 2008                1                     -1439.0317162171177       -1439.0317162171177       -1439.0317162171177     
 206                 2008                2                     -1439.0317162171177       -1439.0317162171177       -1439.0317162171177     
 207                 2008                3                     -1439.0317162171177       -1439.0317162171177       -1439.0317162171177     
 208                 2008                4                     -1.9770454926724659E-002  -2.1543182863851311E-002  -2.5454960318188662E-002
 209                 2008                5                     -9.0324005902523832E-002 -0.10157472413786019      -0.13009032973885351     
 210                 2008                6                    -0.28804447552672091      -0.22700893621763238      -0.31192690522163746     
 211                 2008                7                    -0.64660342736323151       -1.0310439765622157       -1.0310439765622157     
 212                 2008                8                    -0.12131471161337529      -0.13009032973885351      -0.31192690522163746     
 213                 2008                9                    -0.15228933432003530      -0.22700893621763238      -0.65797255394414067     
 214                 2008                10                   -0.19434470671766141      -0.31192690522163746       -1.7371588284184809     
 215                 2008                11                   -0.10109975291407659      -0.13009032973885351      -0.22700893621763238     
 216                 2008                12                    -5.8324576551229988E-002  -8.0624083680823036E-002  -8.0624083680823036E-002
 217                 2009                1                     -1439.0317162171177       -1439.0317162171177       -1439.0317162171177     
 218                 2009                2                     -1439.0317162171177       -1439.0317162171177       -1439.0317162171177     
 219                 2009                3                     -8.3702064876178109E-002  -6.7228683857846541E-002 -0.15716393218671054     
 220                 2009                4                    -0.16150440261910984      -0.26508463402061905       -1.0591314267258114     
 221                 2009                5                     -9.4991777754527218E-002 -0.12293818271004839      -0.58680459523115636     
 222                 2009                6                    -0.52537687679556822      -0.52537687679556822       -1.2867417504173508     
 223                 2009                7                    -0.14111736126254096      -0.20551353272603648      -0.35607907362967917     
 224                 2009                8                     -10.080933215035843       -9.0088788145286927       -107.04574758070942     
 225                 2009                9                     -3.8847339985969924       -10.297113441745848       -25.532096995343430     
 226                 2009                10                   -0.29092924098697387      -0.52537687679556822       -1.2505415226694654     
 227                 2009                11                   -0.14925885459543312      -0.19575598533757249      -0.65797255394414067     
 228                 2009                12                    -1439.0317162171177       -1439.0317162171177       -1439.0317162171177     
 229                 2010                1                     -1439.0317162171177       -1439.0317162171177       -1439.0317162171177     
 230                 2010                2                     -1439.0317162171177       -1439.0317162171177       -1439.0317162171177     
 231                 2010                3                     -8.3702064876178109E-002  -6.4898297799938429E-002 -0.16987438602736019     
 232                 2010                4                    -0.16150440261910984      -0.22700893621763238       -1.0310439765622157     
 233                 2010                5                     -9.4991777754527218E-002 -0.13009032973885351      -0.65797255394414067     
 234                 2010                6                    -0.52537687679556822      -0.44348137405879529       -1.0310439765622157     
 235                 2010                7                    -0.14111736126254096      -0.22700893621763238      -0.31192690522163746     
 236                 2010                8                     -10.080933215035843       -7.0037669027926386       -86.074487119649589     
 237                 2010                9                     -3.8847339985969924       -7.0037669027926386       -19.353427775267679     
 238                 2010                10                   -0.29092924098697387      -0.44348137405879529       -1.0310439765622157     
 239                 2010                11                   -0.14925885459543312      -0.16987438602736019      -0.65797255394414067     
 240                 2010                12                    -1439.0317162171177       -1439.0317162171177       -1439.0317162171177     
